rel_type,child_part_num,parent_part_num
P,87079pr9974,87079
P,3960pr9971,3960
R,98653pr0003,98086pr0003
R,98653pr0003,98088pat0003
R,98653pr0003,98089pat0003
R,98653pr0003,98087
R,upn0148,43746pr0001
R,upn0148,43936pr0001
M,3192a,3192
A,50990b,50990a
P,21019c00pat012pr0001,21019c00pat012
P,27382pr0005,27382
P,3298pr0033,3298
R,4109154pr0002,4109154pr0001
P,19729pr0030,19729
P,3070bpr0036,3070b
P,6180pr0011,6180
P,36036pr9996,36036
P,76371pr0109,76371
B,43464,6282
P,3626cpr1951,3626c
P,3626cpr9970,3626c
P,76371pr0112,76371
P,3069bpr0235,3069b
P,3626cpr1162,3626c
P,3626cpr3305,3626c
P,3010pr0037,3010
P,3626cpr2695,3626c
P,3010pr0038,3010
P,3626cpr2705,3626c
P,2586pr0025,2586
P,3626cpr2617,3626c
P,3626cpr1952,3626c
P,87079pr9996,87079
R,19215,56145
M,30361pr0017,30361cpr0002
P,3626cpr9829,3626c
P,970c00pr1352,970c00
P,3626cpr3306,3626c
A,3933a,3933
P,3678bpr0046,3678b
P,32086pr0001,32086
P,60581pr9998,60581
M,92950,3455
P,14732pr0003,14732
P,3626cpr9968,3626c
A,11954,62531
A,973c37h01pr9999,973c37h01pr1947
P,76371pr0104,76371
P,3005pr9882,3005
P,31110pr0019,31110
R,2648,2649
P,3626cpr9976,3626c
B,54129,upn0366
B,upn0364pr0001,upn0366
P,3004pr0004,3004
P,3069bpr0015,3069b
P,3678bpr0061,3678b
P,3069bpr0220,3069b
A,scafig0013pr0002,scafig0013pr0001
P,3005pr9881,3005
P,27382pr0002,27382
P,2302pr0009,2302
P,3623pr0019,3623
P,3622pr0029,3622
P,4066pr0129,4066
P,4740pr0001,4740
P,31110pr0110,31110
P,21271pr0001,21271
P,11344pr0009,11344
P,98223pr0022,98223
P,3011pr1012,3011
P,4198pr0005,4198
P,3005pr9880,3005
P,3005pr9879,3005
P,4198pr0012,4198
P,3005pr9878,3005
P,31110pr0115,31110
P,3011pr9999,3011
P,3005pr9877,3005
P,30183pr0001,30183
P,6180pr0012,6180
M,60607,2529
P,31213pr0005,31213
P,3010pr9969,3010
P,41970pr0001,41970
P,3626cpr1682,3626c
P,3004pr0039,3004
P,970c00pr0277,970c00
T,15678pat0002,15678
P,2431pr0129,2431
P,11477pr0006,11477
P,4066pr0011,4066
P,98345pr0001,98345
P,4066pr0012,4066
P,35787pr0001,35787
A,2318c01,2318c02
P,31110pr0013,31110
P,3005pr0018,3005
R,3982,2312c03
P,3069bpr0242,3069b
P,4066pr0014,4066
M,18759,2341
P,3005pr9876,3005
P,85983pr0002,85983
P,3678bpr0036,3678b
B,4071,4071c03
A,53406,75542
T,57551pat0001,57551
T,53549pat0001,53549
T,53549pat0002,53549
T,53983pat0001,53983
P,3004pr0035,3004
P,3003pr0004,3003
M,54672,30540
P,970c00pr1581,970c00
P,970c00pr9984,970c00
P,76371pr0105,76371
P,3678bpr0064,3678b
P,3678bpr0056,3678b
P,18990pr0001,18990
R,2648,3464
B,54128,upn0366
A,2913c02,2913c01
P,3626cpr1314,3626c
P,3626cpr1290,3626c
B,30460,4465c01
P,3626cpr1289,3626c
B,30462,4465c01
P,3626cpr1291,3626c
B,4071,4071c02
P,3068bpr9882,3068b
P,6180pr0019,6180
P,3626cpr1191,3626c
M,3626bpr1542,3626cpr1542
P,3005pr9875,3005
M,3193a,3193
P,3660pr0004,3660
P,3846pr0012,3846
P,4162pr0055,4162
P,3626cpr1208,3626c
A,30599,30598
P,24093pr0012,24093
P,3626cpr2450,3626c
P,3626cpr2468,3626c
P,3245cpr0142,3245c
P,973c27h01pr5192,973c27h01
P,98138pr0207,98138
P,3005pr9873,3005
P,22385pr1003,22385
P,32474pr1015,32474
P,26603pr0012,26603
P,3626cpr2519,3626c
P,970c00pr1474,970c00
P,3626cpr1194,3626c
P,3626cpr2520,3626c
B,98138pr0207,73095
P,3069bpr0257,3069b
P,973c12h12pr4138,973c12h12
P,3626cpr2490,3626c
P,3678bpr0076,3678b
P,970c00pr0502,970c00
P,973c14h12pr5188,973c14h12
P,970c00pr1456,970c00
P,50955pr0001,50955
P,970c00pr1447,970c00
P,3626cpr2526,3626c
M,60608,3854
P,3626cpr2527,3626c
P,970c00pr1479,970c00
P,3068bpr9880,3068b
P,3068bpr9982,3068b
M,3626bpr0839,3626cpr0839
M,87082,44874
M,67687,4600
M,6628b,6628
P,6180pr0020,6180
P,31111pr0004,31111
P,50747pr0015,50747
P,14769pr1093,14769
P,41751pr0001,41751
P,24496pr0020,24496
P,3068bpr9879,3068b
P,98345pr0002,98345
R,73313,73312
P,3626cpr2472,3626c
R,26021,24869
R,3359,3358
P,93589pr0003,93589
P,3678bpr0053,3678b
M,3002a,3002
M,30554a,30554
A,53403,75541
P,98166pr0002,98166
B,41819,41819c01
T,53547pat0001,53547
P,3068bpr0109,3068b
P,14769pr1129,14769
P,6180pr0007,6180
P,1022Apr0054,1022A
A,84943,518
P,1022Apr0057,1022A
P,1022Apr0060,1022A
P,3626cpr2598,3626c
P,1022Apr0062,1022A
P,3626cpr2411,3626c
P,26603pr0020,26603
P,4198pr0009,4198
P,1022Apr0067,1022A
P,3626cpr2418,3626c
P,1022Apr0070,1022A
P,28631pr0283,28631
P,6180pr0008,6180
P,3626cpr2420,3626c
P,10907pr0002,10907
P,973c22h01pr0210,973c22h01
P,1022Apr0108,1022A
P,2446pr0017,2446
P,3626cpr2600,3626c
P,26486pr0001,26486
P,87606pr0002,87606
P,973c22h01pr2287,973c22h01
P,970c00pr9983,970c00
P,3626cpr2676,3626c
B,54131,upn0366
P,14769pr0016,14769
P,3069bpr0214,3069b
P,22385pr1006,22385
P,3626cpr2444,3626c
P,973c22h01pr1782,973c22h01
P,10830pat0001pr0001,10830pat0001
P,10154pr0006,10154
P,27382pr0007,27382
P,65633pr0002,65633
P,3437pr0129,3437
P,973c22h01pr0002,973c22h01
P,973c22h01pr1441,973c22h01
T,973c22h08,973c00
P,24496pr0023,24496
B,4071,4071c01
P,3010pr0039,3010
P,3010pr0040,3010
P,24496pr0022,24496
P,3626cpr2463,3626c
P,3068bpr0370,3068b
R,4132,4133
P,98345pr0003,98345
P,3035apr0001,3035a
T,15678pat0001,15678
P,3626cpr1013,3626c
M,90194,48183
P,6180pr0014,6180
P,3846pr0010,3846
P,93348pr0002,93348
B,4323,787c01
T,973c22h03,973c00
P,3062bpr0018,3062b
P,3626cpr1425,3626c
A,60212,3788
R,433c01,564c01
P,6309pr0077,6309
P,6309pr0078,6309
P,6309pr0079,6309
P,6309pr0080,6309
P,6309pr0081,6309
P,6309pr0084,6309
P,6309pr0085,6309
P,41751pr0004,41751
A,3069bpr0101,3069bpr0301
M,86035,4485
P,970c00pr9989,970c00
A,3749,43093
P,98166pr0001,98166
P,22385pr0042,22385
T,53548pat0001,53548
T,53983pat0002,53983
P,99243pr0001,99243
P,89974pr0001,89974
P,970c00pr0865,970c00
R,30294,30293
P,3626cpr1429,3626c
P,3626cpr1684,3626c
P,50956pr0001,50956
P,3626cpr1685,3626c
M,973c03h14pr9735,973c03h17pr0148
P,3626cpr1960,3626c
P,3678bpr0049,3678b
P,3626cpr1819,3626c
A,dupupn0089c02,dupupn0089c01
P,11198pr0001,11198
B,800,799c800
R,22890,14704
P,4066pr9999,4066
P,970c00pr9898,970c00
P,970c00pr1078,970c00
P,3004pr0017,3004
P,973c27h01pr4202,973c27h01
P,6180pr9999,6180
P,3068bpr0124,3068b
P,3626cpr1969,3626c
P,90398pr0014,90398
P,3070bpr0002,3070b
P,14769pr1001,14769
P,6180pr0016,6180
P,6309pr0086,6309
P,89974pr0002,89974
P,41751pr0007,41751
P,2431pr0124,2431
A,3673,2780
M,2991b,2991
P,6179pr0016,6179
P,6309pr0087,6309
P,6309pr0091,6309
P,19729pr0008,19729
P,4162pr0053,4162
R,50956pr0001,50955pr0001
P,3068bpr9945,3068b
P,19729pr0032,19729
B,54166,upn0366
P,2431pr0007,2431
P,3626cpr9975,3626c
P,970c00pr9932,970c00
P,3626cpr2451,3626c
P,3626cpr2440,3626c
P,3626cpr2453,3626c
P,970c00pr9906,970c00
P,3626cpr2464,3626c
P,970c00pr1417,970c00
P,3626cpr9867,3626c
M,16091,30663
P,3846pr0009,3846
B,4072,4071c03
P,87079pr0212,87079
P,3005pr9874,3005
P,3437pr0130,3437
P,3626bpr0571,3626b
P,6239pr0001,6239
R,31171,92094
P,3005pr9872,3005
P,3068bpr9878,3068b
P,30292pr0004,30292
P,3005pr9871,3005
P,3626cpr2507,3626c
P,970c00pr9929,970c00
P,970c00pr1467,970c00
P,970c00pr1465,970c00
P,973c01h01pr4899,973c01h01
R,685,upn0225
P,14769pr1126,14769
R,38871,36548
P,3005pr9870,3005
P,34172pr0001,34172
P,34172pr0003,34172
M,88489,4506
B,98138pr0199,73095
P,3005pr9869,3005
P,3005pr9868,3005
P,3678bpr0003,3678b
P,3626cpr2466,3626c
M,3660pr0004,3660pr0001
P,3069bpr0018,3069b
A,6161,47115
P,3005pr9867,3005
P,3626cpr2469,3626c
R,2790,2792
P,87997pr0001,87997
R,4466,4467
R,6565,6564
P,970c00pr0200,970c00
R,92099,92107
P,31111pr0006,31111
P,973c03h01pr0071,973c03h01
P,3010pr9931,3010
P,11233pr0002,11233
P,3626cpr9838,3626c
B,6626,5306b
P,24496pr0021,24496
P,3010pr9930,3010
P,3010pr9929,3010
R,18939,18938
P,3069bpr0303,3069b
P,3069bpr0338,3069b
P,63864pr0012,63864
A,11369pr0003,11369pr0001
P,67156pr0002,67156
M,4066pr0088,76371pr9998
B,6626,5306bc015
P,76371pr9998,76371
R,14417,14704
P,10202pr0007,10202
P,41751pr0006,41751
P,3070bpr0184,3070b
P,15068pr0051,15068
P,98165pr0011,98165
P,3004pr0060,3004
P,2431pr0170,2431
P,93606pr0006,93606
P,93606pr0007,93606
P,15875c01pr0022,15875
P,3626cpr3515,3626c
P,27382pr0001,27382
P,66565pr0018,66565
P,66565pr0019,66565
P,15429pr0009,15429
P,4490pr0004,4490
P,973c01h01pr1444,973c01h01
P,22385pr0086,22385
T,973c28h01,973c00
P,3069bpr0234,3069b
T,53544pat0001,53544
P,19729pr0031,19729
P,970c00pr1091,970c00
B,6626,5306bc069
P,3010pr0036,3010
P,87997pr0002,87997
P,11818pr0230,11818
P,26603pr0035,26603
B,54163,upn0366
A,3063b,3063a
P,973c01h01pr1213,973c01h01
M,29028,56630
R,55637a,55637b
P,973c01h01pr0182,973c01h01
P,973c01h01pr1409,973c01h01
P,973c01h01pr2851,973c01h01
P,973c01h01pr1654,973c01h01
P,973c01h01pr2030,973c01h01
P,973c01h01pr2415,973c01h01
P,973c01h01pr0804,973c01h01
R,47115,47376
R,685,upn0223
P,3004pr0061,3004
P,3622pr9999,3622
P,87079pr9988,87079
A,73090b,73090a
P,970c00pr1881,970c00
P,970c00pr9903,970c00
P,970c00pr1953,970c00
P,970c00pr1922,970c00
P,upn0389pr9999,upn0389
P,3010pr0083,3010
P,3626cpr9810,3626c
P,3626cpr9809,3626c
P,3626cpr9808,3626c
P,65196pr0009,65196
P,3626cpr9807,3626c
A,973c19h01pr0070,973c16h01pr0070
A,973c28h01pr0106,973c28h01pr1156
M,clikupn0035b,clikupn0035a
P,22385pr0089,22385
M,93571,32174
R,clikupn0001pr0018,45493
P,1021Apr0063,1021A
R,41768,41767
P,14769pr1011,14769
B,4072,4071c02
P,2362apr0003,2362a
P,6180pr0017,6180
R,3314,3433
P,3069bpr0292,3069b
A,64951,4424
P,22385pr0098,22385
A,92107,30041
P,3626cpr0839,3626c
P,20953pr0007,20953
A,10202,6881b
P,3626cpr2421,3626c
A,11618,96479
R,68577,23799
P,973c27h01pr9671,973c27h01
T,973c08h08,973c00
P,22385pr999x,22385
R,12614pr0001,12613pr0001
R,30294pat0001,30293pat0002
A,43362c01,71427c01
R,14417,14418
P,41751pr0005,41751
P,3005pr0026,3005
P,50231pr0014,50231
P,1021Apr0064,1021A
P,3626cpr2422,3626c
P,98133pr0002,98133
P,3626cpr1069,3626c
R,55637a,55637c
M,6126a,6126
P,2431pr0156,2431
P,3626cpr2423,3626c
P,973c03h01pr0097,973c03h01
A,973c12h13pr5235,973c12h13pr4381
P,3622pr9998,3622
P,3626cpr2424,3626c
P,3626cpr2425,3626c
P,39739pr0005,39739
M,21841,19888
P,3626cpr1766,3626c
R,729,728
P,3626cpr2426,3626c
P,3626cpr2427,3626c
R,44352,44353
M,89652,60176
R,32534,32535
R,44350,44351
R,87080,87086
R,64392,64682
T,57557pat0001,57557
P,3626cpr2428,3626c
P,3626cpr2429,3626c
P,3626cpr2431,3626c
P,3626cpr2433,3626c
P,3626cpr2434,3626c
P,3626cpr2435,3626c
P,3062bpr9999,3062b
T,18868c01,18868c00
P,3626cpr1091,3626c
P,3008pr0001,3008
B,30456,4465c01
P,31111pr0007,31111
P,10057pr0002,10057
P,13808pr0001,13808
P,3070bpr0103,3070b
T,32505pat0001,32505
R,85205,85204
T,32567pat0001,32567
P,2431pr0123,2431
P,3626cpr2436,3626c
P,3626cpr9866,3626c
R,4219,4218
P,10057pr0001,10057
P,1021Apr0065,1021A
M,32062,3704
A,30042,92099
A,60115,6260
R,5048,4659b
P,970c00pr0867,970c00
P,1021Apr0067,1021A
P,1021Apr0068,1021A
P,1021Apr0071,1021A
P,15068pr0002,15068
R,2655,3464
P,970c00pr1429,970c00
M,4459,2780
P,3626bpr0659,3626b
P,2335pr0029,2335
P,24093pr0019,24093
P,65474pr0008,65474
P,3626cpr1353,3626c
P,3626cpr1350,3626c
P,3626cpr1352,3626c
P,3626cpr0743,3626c
P,3626cpr9905,3626c
P,3626cpr1986,3626c
P,93348pr0001,93348
P,970c00pr9905,970c00
P,3437pr0134,3437
P,90398pr0013,90398
P,41751pr0008,41751
B,4072,4071c01
P,90398pr0048,90398
P,34172pr0002,34172
P,3070bpr0235,3070b
P,85863pr0109,85863
P,13788pr0001,13788
P,18675pr0021,18675
P,3069bpr0033,3069b
P,3626cpr1086,3626c
P,3626cpr0926,3626c
P,973c03h01pr0090,973c03h01
P,3069bpr0031,3069b
P,3069bpr0016,3069b
P,3626cpr0966,3626c
P,3626cpr1284,3626c
P,3626cpr1357,3626c
P,3626cpr1358,3626c
P,3626cpr1363,3626c
R,3,2
P,3626cpr1356,3626c
R,65111,92094
P,3626cpr1664,3626c
A,4728,98262
P,24246pr0022,24246
P,36036pr0015,36036
P,3626cpr1296,3626c
P,32474pr1001,32474
P,3626cpr9853,3626c
P,3678bpr0042,3678b
M,132b,132a
P,970c00pr1436,970c00
A,60176,32174
P,973c03h01pr0051,973c03h01
M,89908,64800
P,970c00pr1437,970c00
P,973c03h01pr0020,973c03h01
M,upn0384c,upn0384
P,3626bpr0187,3626b
P,24246pr0023,24246
P,3070bpr0250,3070b
M,2332b,2332
P,14769pr1007,14769
A,837,2
P,65072pat0001pr0001,65072pat0001
P,12893pr0001,12893
T,53613pat0002,53613
M,3005pr9953,3005pr9954
P,3068bpr0244,3068b
T,32558pat0001,32558
P,3068bpr0543,3068b
P,65072pat0001pr0002,65072pat0001
P,14769pr1003,14769
P,3626cpr9787,3626c
P,970c00pr1441,970c00
P,3626cpr1607,3626c
P,3626cpr1605,3626c
R,429c02,564c01
P,65072pat0001pr0003,65072pat0001
R,30042,30041
R,8,3464
P,87562pr0002,87562
R,22890,14418
A,3036a,3036
R,3830,3831
P,2454apr0002,2454a
R,43710,43711
P,3626cpr2493,3626c
P,41751pr0002,41751
R,61070,61071
R,64683,64391
R,64394,64680
M,3614a,3614
P,3626cpr2494,3626c
P,3626cpr9788,3626c
T,75347pat0001,75347
P,970c00pr0967,970c00
P,3626cpr2575,3626c
M,51991c,51991
P,4066pr9979,4066
M,132c,132a
P,11097pr0001,11097
P,2586pr0029,2586
P,65072pat0001pr0004,65072pat0001
P,18973pr0010,18973
P,3626cpr1754,3626c
P,3626cpr1757,3626c
P,3626cpr1753,3626c
P,3626cpr1755,3626c
P,3626cpr1758,3626c
M,3855a,3855
P,3626cpr1756,3626c
M,60616a,60616
P,3626cpr1759,3626c
B,98138pr0200,73095
P,3069bpr0151,3069b
P,15503pr0001,15503
M,3005pr9910,3005pr9911
P,3068bpr0273,3068b
M,3962b,3962
P,973c17h17pr0335,973c17h17
R,22890,14419
R,30038,769
M,3005pr9939,3005pr9940
R,6161,6162
P,970c00pr0963,970c00
M,802a,802
M,3005pr9974,3005pr9975
M,7039c,7039
M,4070a,4070
M,822b,822
M,3230b,3230
M,upn0256b,upn0256
M,7039b,7039
R,2447,2446
M,2684c01b,2684c01
M,27b,27
M,3634b,3634
M,51991a,51991
M,649pr0002,649pr0001
M,4178a,4178
P,76371pr9997,76371
M,9244a,9244
M,3242d,3242
P,973c03h01pr0159,973c03h01
P,28621pr3319,28621
P,3626bpr0325,3626b
M,51991e,51991
R,429c02,upn0274c02
M,3020a,3020
M,33299b,33299a
P,3626cpr2574,3626c
T,57562pat0002,57562
P,3004pr0016,3004
M,clikupn0116,51686
R,790,787c03
R,838,837
M,3005pr9934,3005pr9935
R,60642c02,60639c02
M,3005pr9890,3005pr9891
P,2454apr0003,2454a
A,3665a,3665
R,4185,2815
P,87079pr0064,87079
P,3068bpr9877,3068b
M,712b,712
A,973c32h01pr0001,973c32h01pr1918
B,2655,2655c01
P,3068bpr0241,3068b
M,3005pr9976,3005pr9977
P,98162pr0005,98162
P,3069bpr0139,3069b
B,98138pr0211,77485
P,970c00pr9919,970c00
P,3626cpr1621,3626c
P,24246pr0014,24246
B,6626,5306bc017
M,4093b,4093
B,6626,5306bc046
M,3005pr9893,3005pr9894
M,51991b,51991
P,3626cpr1638,3626c
P,970c00pr0821,970c00
M,645b,645
P,973c03h01pr0189,973c03h01
P,67632pr0001,67632
M,604b,604
P,41751pr0003,41751
M,60616b,60616
P,970c00pr1506,970c00
P,3626cpr1742,3626c
M,3005pr9986,3005pr9987
P,6309pr0082,6309
P,970c00pr1505,970c00
P,3626cpr1741,3626c
P,3626cpr1744,3626c
M,2538a,2538
P,6309pr0083,6309
P,973c03h01pr0035,973c03h01
M,51991f,51991
A,973c01h01pr2030,973c01h01pr1654
M,3242c,3242
M,32b,32
M,3127b,3127
M,4j003a,4j003
P,970c00pr0923,970c00
P,3626cpr1751,3626c
M,2871a,2871
P,3626cpr1746,3626c
T,16606pat0001,16606
M,3005pr9962,3005pr9963
M,6580a,6580
P,970c00pr1599,970c00
M,3795a,3795
M,upn0371,upn0370
M,upn0372a,upn0372
M,30089b,30089a
P,973c03h01pr0047,973c03h01
R,4238,4237
P,42498pr0004,42498
P,973c03h01pr0137,973c03h01
P,14769pr1002,14769
R,57894,57895
P,60603pr0002,60603
M,3006a,3006
M,60800b,60800
M,6896a,6896
M,2731a,2731
P,3626cpr1606,3626c
M,3005pr9907,3005pr9908
P,3626cpr1608,3626c
R,14417,14419
T,57562pat0001,57562
P,973c01h01pr2034,973c01h01
P,98603s02pr0003,98603
M,3614b,3614
P,67906c01pr0001,67906c01
P,98138pr0030,98138
P,3626cpr9908,3626c
P,28621pr3246,28621
P,973c02h02pr3926,973c02h02
P,973c03h02pr3670,973c03h02
P,973c03h02pr3500,973c03h02
P,973c03h03pr3533,973c03h03
R,4912,4911
P,973c03h27pr4487,973c03h27
P,98138pr0090,98138
M,44865,2458
M,2680b,2680
P,2454apr0001,2454a
B,3464,2655c01
P,3068bpr0544,3068b
P,3626cpr1700,3626c
M,10a,10
M,3005pr9887,3005pr9888
M,4212b,4212
P,11245pr0002,11245
P,87990pr0002,87990
M,3005pr9980,3005pr9981
P,1022Apr0111,1022A
M,3962a,3962
M,upn0420,upn0400
P,1022Apr0112,1022A
P,973c03h01pr0125,973c03h01
P,89973pr0001,89973
P,6171pr0001,6171
M,4229b,4229
P,3626cpr2587,3626c
P,98834pr0002,98834
R,6161,42484
P,3070bpr0150,3070b
M,51991d,51991
P,3626cpr0895,3626c
M,6895b,6895
P,3626cpr1752,3626c
R,2349a,4214
P,2528pr0008,2528
M,3037b,3037
M,3005pr9958,3005pr9959
M,3005pr9913,3005pr9914
M,3005pr9901,3005pr9902
P,15626pr0004,15626
P,1022Apr0113,1022A
M,2871b,2871
M,6895a,6895
P,90462pr0003,90462
M,upn0384a,upn0384
P,15210pr0001,15210
M,2609a,2609
M,604c,604
B,2855,2856c01
M,3005pr9966,3005pr9967
M,645a,645
M,2350b,2350
M,715a,715
P,3626cpr9842,3626c
P,1022Apr0114,1022A
P,3626cpr0726,3626c
P,54873pr0001,54873
M,3852b,3852
P,14769pr0004,14769
R,3579,7930
M,42042g,42042und
M,3471a,3471
A,3007a,3007
R,24308b,18976
P,87552pr0004,87552
P,1022Apr0115,1022A
M,3470a,3470
M,upn0272b,upn0272
M,4617b,4617
M,4616a,4616
M,3229a,3229
P,3626cpr9934,3626c
M,42042a,42042und
T,64269pat0001,64269
P,1022Apr0116,1022A
M,3005pr9988,3005pr9989
M,6217b,6217
P,57895pr0006,57895
M,2961b,2961
P,3626cpr1186,3626c
M,4212a,4212
P,3068bpr9959,3068b
P,2454apr0005,2454a
P,65072pat0001pr0005,65072pat0001
M,5313a,5313
R,2349a,4625
P,3069bpr9986,3069b
P,3626cpr2930,3626c
M,6014b,6014
R,55637b,55637c
M,2609b,2609
B,2584,2584c01
M,29a,29
P,18827pr0002,18827
M,649pr0007,649pr0006
M,upn0384b,upn0384
M,3684b,3684
P,1022Apr0117,1022A
P,11245pr0001,11245
T,44813pat0001,44813
M,3005pr9972,3005pr9973
P,1022Apr0118,1022A
M,30554b,30554
M,165c01b,165c01
M,820a,820
M,4790b,4790
A,56630,39444
M,3005pr9896,3005pr9897
M,3005pr9929,3005pr9930
R,57028c01,57796
M,42042b,42042und
P,3068bpr9876,3068b
P,15038pr0001,15038
M,3242e,3242
B,6626,5306bc020
R,68149,68150
M,upn0272c,upn0272
P,90370pr0005,90370
T,64259pat0001,64259
P,3068bpr0545,3068b
B,48168,50163
P,3004pr0015,3004
P,54873pr0004,54873
R,3581,3644
R,2582,4214
P,60603pr0004,60603
M,60800a,60800
R,2582,4315
R,20441,20439
M,3005pr9945,3005pr9946
P,973c03h01pr0121,973c03h01
P,19729pr0009,19729
P,970c00pr0925,970c00
M,4617a,4617
P,2431pr0155,2431
P,98138pr0202,98138
P,970c00pr0905,970c00
P,970c00pr0888,970c00
P,3626cpr1698,3626c
M,2362b,2362
P,24246pr0027,24246
P,24246pr0028,24246
P,970c00pr0909,970c00
M,4820a,4820cc01
P,3626cpr1699,3626c
P,3626cpr3565,3626c
P,6171pr0002,6171
M,3005pr9924,3005pr9925
P,6171pr0003,6171
P,98834pr0003,98834
M,646b,646
R,73194c01,47899c01
M,2362a,2362
R,40375,40373
M,3005pr9984,3005pr9985
P,3626cpr1750,3626c
M,3005pr9926,3005pr9927
P,3626cpr3564,3626c
M,3755a,3755
P,3626cpr1749,3626c
M,2684c01a,2684c01
M,brickslot2x2a,brickslot2x2
P,970c00pr0908,970c00
M,737b,737
R,6235,600
P,3626cpr1724,3626c
P,973c03h01pr0011,973c03h01
P,3626cpr1723,3626c
M,2538b,2538
P,970c00pr9960,970c00
R,15456,14418
M,4151a,4151
A,19475,74981
P,3068bpr0268,3068b
P,3068bpr0269,3068b
P,3068bpr0270,3068b
M,3005pr9990,3005pr9992
M,19540,11953
P,50231pr0009,50231
B,2855,2856c02
M,966a,966
M,3008pr0026,3008pr0027
B,2584,2584c02
R,15456,14704
P,973c03h01pr0117,973c03h01
R,24308a,18976
M,3846pr0029,3846pr0018
P,3626cpr1816,3626c
M,3228b,3228
M,3229b,3229
P,3626cpr9907,3626c
M,3700b,3700
M,53020,87989
M,3005pr9899,3005pr9900
B,2584,2584c03
M,10b,10
B,2584,2584c04
M,4093c,4093
M,2350c,2350
M,30384b,30384
B,2584,2584c05
B,2584,2584c06
M,3228a,3228
M,56823,upn0370
M,59900,4589
M,upn0253a,upn0253
B,48452,50163
P,2454apr0004,2454a
P,54873pr0006,54873
R,57028c04,57796
M,3005pr9921,3005pr9922
P,970c00pr0904,970c00
M,6821b,6821
M,2868b,2868
M,4151b,4151
R,2582,4625
R,54128,54129
P,973c03h01pr0116,973c03h01
M,3005pr9916,3005pr9917
M,723a,723
M,3005pr9970,3005pr9971
B,2584,2584c07
R,37675,37674
P,973c01h01pr2413,973c01h01
P,973c01h01pr0093,973c01h01
P,973c01h01pr0040,973c01h01
P,973c01h01pr2157,973c01h01
P,973c01h01pr1665,973c01h01
P,973c01h01pr3811,973c01h01
P,973c01h01pr1824,973c01h01
M,3934a,3934
P,970c00pr0886,970c00
R,14418,14419
B,2584,2584c08
P,3626cpr1712,3626c
P,3626cpr3567,3626c
P,3626cpr3563,3626c
P,47543pr0005,47543
R,14704,14419
M,3846pr0019,3846pr0018
M,3005pr9982,3005pr9983
M,2609c,2609
P,3626bpr0011,3626b
P,19729pr0010,19729
P,3068bpr0267,3068b
R,57028c02,57796
M,42042c,42042und
R,15456,14419
P,3626cpr3566,3626c
M,6126b,6126
M,3005pr9978,3005pr9979
P,3068bpr0271,3068b
A,4094b,4094a
B,2856,2856c01
R,13246,89195
P,22385pr0001,22385
P,87557pr0001,87557
T,19064pat0001,19064
P,973c03h01pr0003,973c03h01
A,973c43h03pr4646,973c43h03pr2745
M,3005pr9947,3005pr9948
R,37675pr0001,37674pr0001
M,645c,645
M,44815b,44815
P,3626cpr3520,3626c
P,3626cpr2931,3626c
P,3626cpr3556,3626c
M,29b,29
T,973c08h25,973c00
M,3009pr0006,3009pr0004
R,4770,4767
P,3626cpr3569,3626c
M,3035a,3035
P,3626cpr3518,3626c
M,4747b,4747
P,98386pr0002,98386
M,3852a,3852
P,3626cpr3519,3626c
M,4093a,4093
M,3030a,3030
M,6896b,6896
M,801a,801
M,813a,813
M,2350a,2350
M,3005pr9937,3005pr9938
M,carbasemia,carbasemi
M,14728,upn0370
P,54873pr0005,54873
M,upn0206a,upn0206
P,2587pr0025,2587
P,2454apr0006,2454a
M,clikupn0140a,clikupn0140
R,2873,4214
P,93089pr0002,93089
M,3005pr9956,3005pr9957
R,2873,4315
R,2873,4625
M,3005pr9960,3005pr9961
P,3068bpr0246,3068b
R,60639c03pr0001,60642c03pr0001
M,3005pr9942,3005pr9943
R,4770,4771
M,3008pr0025,3008pr0027
P,87557pr0002,87557
R,73194c03,47899c03
M,27c,27
M,3242b,3242
P,1022Apr0121,1022A
M,33a,33
T,49656pat0003,49656
B,2584,2584c09
B,6626,5306bc021
P,3626cpr2916,3626c
P,970c00pr1724,970c00
P,13792pr0004,13792
P,3626cpr2970,3626c
R,4770,2500c01
P,3626cpr2948,3626c
P,3626cpr2950,3626c
P,3626cpr2951,3626c
P,3626cpr2952,3626c
M,2547a,2547
M,upn0341a,upn0341
M,upn0272a,upn0272
P,19729pr0012,19729
A,19482,99798
P,970c00pr9934,970c00
P,3626cpr1030,3626c
B,2856,2856c02
R,58381,58380
R,15,17
P,90652pr0001,90652
M,6061b,6061
M,7039d,7039
T,19061pat0001,19061
P,3626cpr1979,3626c
P,3626cpr9852,3626c
M,upn0392,upn0393
P,3065pr0002,3065
P,26393pr0005,26393
M,70928b,70928
M,3039f,3039
M,604a,604
P,15068pr0017,15068
P,15427pr0001,15427
P,3009pr0005,3009
P,2723pr0002,2723
P,2431pr0088,2431
P,98138pr0072,98138
P,2431pr0090,2431
P,2431pr0089,2431
P,87079pr0111,87079
A,87058,2972
M,713b,713
M,3005pr9904,3005pr9905
P,3004pr0022,3004
P,973c03h01pr0004,973c03h01
P,3004pr0023,3004
P,3069bpr0186,3069b
P,4162pr0054,4162
P,3068bpr0330,3068b
P,12893pr0004,12893
M,3847a,3847
P,973c03h01pr2775,973c03h01
P,6180pr0023,6180
P,87079pr0110,87079
P,87079pr0112,87079
P,98223pr0009,98223
P,98223pr0003,98223
R,60806,60614
P,98223pr0008,98223
M,4616b,4616
M,3241b,3241
M,646c,646
M,3005pr9932,3005pr9933
P,98223pr9998,98223
M,3037f,3037
M,3005pr9949,3005pr9950
P,2431pr0171,2431
P,970c00pr9928,970c00
M,700e,700
M,700ed,700
P,2454apr0007,2454a
P,25973pr0004,25973
A,93595,93594
P,3626cpr3155,3626c
P,3626cpr2588,3626c
R,4474,4214
B,23325,23335c01
M,32c,32
M,6014a,6014
P,3298pr0037,3298
R,4474,4315
M,3231b,3231
M,3230a,3230
M,3228c,3228
P,93089pr0001,93089
R,4474,4625
P,3626cpr2602,3626c
R,73194c04,47899c04
P,3626cpr1324,3626c
P,973c01h01pr0061,973c01h01
P,3069bpr9985,3069b
P,3068bpr9875,3068b
P,970c00pr1515,970c00
P,3626cpr3500,3626c
R,2429,2430
B,2855,2856c03
P,31005pr0006,31005
R,41769,41770
P,22385pr0002,22385
P,6474pr0002,6474
P,973c03h03pr0001,973c03h03
R,3192,3193
P,973c03h02pr1670,973c03h02
P,3626cpr1631,3626c
T,19077pat0001,19077
P,3626cpr1630,3626c
P,973c01h01pr0063,973c01h01
P,970c00pr0820,970c00
M,15790,30332
M,11187,30284
M,30474,3298
P,3626cpr3546,3626c
M,42042d,42042und
P,3626cpr1392,3626c
P,3626cpr1387,3626c
P,3626cpr1225,3626c
P,608pr0004,608
P,3626cpr3547,3626c
P,3626cpr1008,3626c
P,87557pr0004,87557
R,64681,64393
T,3471pat0001,3471
P,3626cpr3605,3626c
P,3626cpr1144,3626c
P,30375pr0002,30375
P,970c00pr1912,970c00
P,3626bpr0189,3626b
P,3068bpr0139,3068b
P,3039pr9986,3039
A,84599,64228
R,93594,92409
B,57046a,57046
R,4747,4748
R,87685,87686
M,10247,2444
A,94925,4019
P,3626cpr1321,3626c
A,32181c03,76320c01
P,3626cpr1293,3626c
B,57046b,57046
M,93168,30360
A,6069,48933
R,11946,11947
P,3626cpr0498,3626c
P,47753pr0002,47753
P,3846pr0001,3846
P,21019c00pat010pr0001,21019c00pat010
B,13756,6567c03
P,54873pr0002,54873
P,3626cpr9906,3626c
P,973c28h14pr1815,973c28h14
P,970c00pr1575,970c00
P,2454apr0008,2454a
P,973c03h12pr1809,973c03h12
P,22385pr0003,22385
R,4857,4214
P,3626cpr1407,3626c
P,3626cpr1409,3626c
R,28252,33827
R,4857,4315
R,98071pr0010,98072pr0010
P,18832pr0002,18832
R,4857,4625
P,42861pr0005,42861
M,58380,3192
B,40245,40245c00
P,51595pr0002,51595
A,upn0343,4275a
P,21560pr0010,21560
T,47335pat0001,47335
T,59577pat0001,59577
P,4740pr0004,4740
B,2856,2856c03
P,87079pr0068,87079
P,973c22h22pr7004,973c22h22
R,87568pr0003,87568pr0004
P,54873pr0007,54873
P,2587pr0032,2587
P,87557pr0003,87557
P,15875c01pr0004,15875
P,973c05h03pr3060,973c05h03
P,2586pr0017,2586
R,30462,40245
A,32bc01,33bc01
P,3626cpr1359,3626c
P,87610pr0364,87610
P,3626cpr1187,3626c
P,3626cpr0514,3626c
P,3626cpr1391,3626c
M,3842b,3842a
P,18675pr0020,18675
M,61506,13565
P,3626cpr1421,3626c
P,3626cpr2678,3626c
P,1022Apr0119,1022A
P,3626cpr1224,3626c
P,3626cpr1223,3626c
P,970c00pr1558,970c00
P,970c00pr1559,970c00
P,3626cpr1382,3626c
P,970c00pr1557,970c00
R,691,692
P,35700pr0001,35700
P,1022Apr0120,1022A
P,85863pr0098,85863
M,92926,2439
R,43722,43723
M,10928,3647
P,3626cpr0745,3626c
P,4150pr0012,4150
A,973c18h01pr2027,973c18h01pr2026
B,30461,4465c01
P,50231pr0012,50231
P,50231pr0013,50231
P,54086pr0001,54086
P,3068bpr9872,3068b
M,42042e,42042und
R,4213,4214
P,3068bpr0242,3068b
T,57539pat0001,57539
T,57566pat0001,57566
T,57539pat0002,57539
P,3626cpr0754,3626c
M,brickslot2x4a,brickslot2x4
P,4162pr0030,4162
P,85863pr0104,85863
R,41748,41747
P,85863pr0105,85863
M,501c,501a
M,501b,501a
P,970c00pr1579,970c00
P,11575pr0004,11575
P,3626cpr1323,3626c
P,85984pr0013,85984
R,99948,92911
P,3069bpr0057,3069b
P,6177bpr0001,6177b
P,1022Apr0122,1022A
R,4213,4315
R,15400,15303
P,22385pr0088,22385
P,87079pr0113,87079
A,93595,93593
R,41764,41765
P,3626cpr1365,3626c
P,3626cpr1326,3626c
P,3626cpr1325,3626c
P,970c00pr0628,970c00
M,87587,2548
R,15392,15391
P,3068bpr2562,3068b
R,4213,4625
P,3960pr0018,3960
T,57539pat0004,57539
P,3626cpr1968,3626c
P,3069bpr0086,3069b
P,3626cpr1366,3626c
P,1022Apr0123,1022A
P,3626cpr0970,3626c
P,3069bpr0085,3069b
P,1022Apr0124,1022A
P,6179pr0005,6179
P,3068bpr0131,3068b
P,13882pr0001,13882
P,15490pr0001,15490
P,1022Apr0125,1022A
P,98162pr0006,98162
P,3626cpr0963,3626c
P,4162pr0029,4162
P,4162pr0028,4162
B,13760,6567c03
B,57046c,57046
P,3626cpr1385,3626c
P,3626cpr1384,3626c
P,14718pr0001,14718
P,3037pr0004,3037
A,95292c01,2909c01
P,87079pr0079,87079
P,15875c01pr0023,15875
P,18675pr0003,18675
P,72824pr0006,72824
P,3626cpr1386,3626c
P,30180pr0001,30180
A,75937,30033
P,4162pr0031,4162
P,3626cpr1283,3626c
P,3626cpr1279,3626c
P,3069bpr0090,3069b
P,3626cpr1364,3626c
P,3626cpr3252,3626c
P,2431pr0017,2431
M,53454,53705
P,3626cpr0389,3626c
P,3626cpr1206,3626c
P,4740pr0008,4740
P,3062bpr0004,3062b
P,3062bpr0003,3062b
P,3960pr0014,3960
M,42042f,42042und
M,14520,52038
P,3626cpr1381,3626c
A,upn0343,4275b
A,645bc01,645cc01
R,2349b,4214
P,3626cpr1136,3626c
P,970c00pr9968,970c00
P,35700pr0002,35700
R,2349b,4315
A,2909c02,2909c01
A,2909c03,2909c01
P,3626cpr3253,3626c
M,3001a,3001
P,4150pr0011,4150
B,59275,2599
M,58381,3193
M,14518,2547
P,3626cpr1195,3626c
B,64982a,64982c01
P,90398pr0015,90398
P,44375bpr9996,44375b
P,3626cpr1281,3626c
P,98107pr0001,98107
P,3626bpr0782,3626b
R,2349b,4625
P,24309pr0005,24309
M,3003b,3003
P,3626cpr0929,3626c
P,973c09h09pr3638,973c09h09
M,3062c,3062a
T,57567pat0001,57567
P,3626cpr1374,3626c
M,90460,6131
A,brickslot2x4a,3001
P,3626cpr9954,3626c
P,3069bpr0101,3069b
P,3069bpr0100,3069b
M,3008apr0027,3008pr0020
P,50946pr0001,50946
P,3626cpr0914,3626c
P,970c00pr0508,970c00
P,6131pr0006,6131
P,3626cpr9851,3626c
P,3298pr0023,3298
P,4150pr1003,4150
P,2586pr0010,2586
P,4490pr0001,4490
P,3626cpr1459,3626c
P,3626cpr1442,3626c
P,4490pr0003,4490
P,973c28h01pr9997,973c28h01
P,98138pr0029,98138
P,3626cpr1534,3626c
P,3626cpr1535,3626c
P,3626cpr1536,3626c
T,973c28h28,973c00
P,90398pr0017,90398
P,31110pr0092,31110
P,3626cpr1233,3626c
P,3037pr0013,3037
P,970c00pr0693,970c00
P,970c00pr0694,970c00
P,3626cpr1456,3626c
P,3626cpr1458,3626c
P,970c00pr0645,970c00
P,973c34h34pr9645,973c34h34
P,3626cpr1420,3626c
P,3626cpr1410,3626c
P,15875c01pr0002,15875
P,973c02h02pr1759,973c02h02
P,973c03h27pr2894,973c03h27
P,3039pr9993,3039
P,3626cpr1533,3626c
P,973c03h12pr2786,973c03h12
P,970c00pr0603,970c00
M,2038,13459
P,93056pr0002,93056
A,93594,93593
P,4150pr0001,4150
M,30173a,30173
R,4000,5
P,14769pr0020,14769
A,54869,62930
P,3626cpr0933,3626c
P,3626cpr1349,3626c
R,2582pr0006,4214
P,30259pr0008,30259
R,2582pr0006,4315
P,3626cpr1295,3626c
P,3626cpr1006,3626c
P,3626cpr1004,3626c
B,57046d,57046
P,3626bpr0001,3626b
P,3626cpr1623,3626c
M,42042h,42042und
R,2582pr0006,4625
M,95347,30517
M,58827,30517
M,40902a,40902
P,98163pr0006,98163
P,3626cpr3254,3626c
M,76766,6087
P,3622pr0005,3622
P,4490pr0002,4490
P,970c00pr0690,970c00
P,973c01h01pr0090,973c01h01
P,970c00pr0698,970c00
P,3626cpr1455,3626c
P,3626cpr1461,3626c
P,3626cpr1445,3626c
P,3626cpr3255,3626c
P,970c00pr0681,970c00
P,3626cpr1450,3626c
P,3626cpr1662,3626c
P,3626cpr1665,3626c
P,973c01h01pr0032,973c01h01
P,15875c01pr0034,15875
P,973c01h01pr0033,973c01h01
P,973c01h01pr0064,973c01h01
P,973c01h01pr0062,973c01h01
P,15875c01pr0019,15875
P,973c01h01pr3017,973c01h01
P,973c01h01pr1536,973c01h01
P,98107pr0002,98107
P,3626bpr0746,3626b
P,3626cpr1102,3626c
P,973c01h01pr3224,973c01h01
P,3626cpr3499,3626c
P,87079pr9976,87079
B,4761,4760
P,973c01h01pr3433,973c01h01
P,970c00pr1455,970c00
P,3626bpr0924,3626b
P,30168pr0001,30168
B,64982b,64982c01
M,57893,30517
P,970c00pr0519,970c00
P,3040apr0001,3040a
R,54383,54384
P,15429pr0002,15429
P,30363pr0006,30363
P,973c01h01pr9854,973c01h01
B,22910c01,22910
P,3626cpr1146,3626c
P,3626cpr1580,3626c
P,3626cpr1395,3626c
P,3040bpr0003,3040b
P,3960pr0013,3960
P,3626cpr1666,3626c
P,970c00pr0680,970c00
P,970c00pr0678,970c00
M,30173b,30173
R,3191,3190
P,3626cpr1417,3626c
A,973c25h12pr1258,973c25h25pr1455
P,1022Apr0126,1022A
P,93060pr0001,93060
P,3626cpr1105,3626c
P,3626bpr0600,3626b
P,3626cpr2759,3626c
R,2582pr0001,4214
P,1022Apr0129,1022A
M,30168,90462
R,2582pr0001,4315
T,59233pat0001,59233
P,970c00pr1607,970c00
P,98163pr0005,98163
B,57046f,57046
M,32288c01,32288c02
P,18905pr0001,18905
P,3622pr0004,3622
P,2431pr0004,2431
P,3626cpr1436,3626c
T,59233pat0002,59233
P,970c00pr0655,970c00
P,3626cpr1415,3626c
P,3626cpr1440,3626c
P,98133pr0001,98133
T,59233pat0003,59233
P,15875c01pr0003,15875
P,3626bpr0747,3626b
P,3626cpr1159,3626c
P,3626cpr1331,3626c
P,3626cpr1332,3626c
P,30259pr0009,30259
B,35029a,35029c01
B,35029b,35029c01
P,973c01h01pr0320,973c01h01
P,65676pr0001,65676
M,3443c02,3443c01
P,6179pr0021,6179
P,3626cpr1496,3626c
P,3626cpr1150,3626c
P,3626cpr1438,3626c
P,3626cpr1441,3626c
P,970c00pr0653,970c00
P,970c00pr0654,970c00
P,87079pr0078,87079
P,3626cpr1412,3626c
P,3626cpr0898,3626c
P,3626cpr1764,3626c
M,266ac01,266bc01
B,64982c,64982c01
R,30462,30461
P,57895pr0015,57895
P,6179pr0001,6179
P,4740pr0009,4740
P,2431pr0002,2431
P,3678bpr0037,3678b
T,973c35h01,973c00
P,3068bpr9873,3068b
P,3626cpr1145,3626c
P,970c00pr0728,970c00
P,3626cpr1515,3626c
M,60657,3190
R,769,71966
P,970c00pr0656,970c00
R,66405pr0001,36470
P,30375pr0003,30375
P,3626cpr1416,3626c
R,2582pr0001,4625
P,6179pr0004,6179
M,266bc02,266bc01
P,24782pr0004,24782
P,3626cpr0580,3626c
P,30259pr0007,30259
P,30259pr0010,30259
P,2654pr0001,2654
T,51342pat0003,51342
T,51342pat0002,51342
P,50231pr0004,50231
P,3069bpr9984,3069b
T,19082pat0001,19082
T,60934pat0001,60934
P,16925c01pr0129,16925
T,64264pat0001,64264
P,973c35h01pr3940,973c35h01
P,3626cpr1487,3626c
P,970c00pr0697,970c00
P,3068bpr9871,3068b
P,3626cpr1506,3626c
P,3626cpr1462,3626c
P,3626cpr1460,3626c
P,3626cpr1628,3626c
M,65489,48989
P,970c00pr0724,970c00
P,970c00pr0734,970c00
P,970c00pr0739,970c00
P,970c00pr0740,970c00
P,3626cpr1503,3626c
P,3626cpr1508,3626c
P,3626cpr1504,3626c
P,3626cpr1505,3626c
P,57895pr0001,57895
P,973c27h03pr4123,973c27h03
P,3626cpr1663,3626c
B,98138pr0137,67222
P,970c00pr9977,970c00
M,265ac01,265bc01
M,468c02,468c01
P,93273pr0008,93273
P,973c24h03pr4274,973c24h03
P,15875c01pr0005,15875
P,3626cpr1443,3626c
P,3626cpr1492,3626c
P,973c35h01pr1624,973c35h01
P,973c27h01pr4777,973c27h01
P,973c27h03pr4696,973c27h03
P,3626cpr1514,3626c
P,973c27h01pr4109,973c27h01
P,3626cpr1510,3626c
P,3626cpr1466,3626c
A,973c01h25pr1618,973c44h20pr3842
B,98138pr0146,67222
P,970c00pr0738,970c00
P,3626cpr1501,3626c
P,3626cpr1490,3626c
B,57046e,57046
P,3626cpr0631,3626c
P,970c00pr0190,970c00
P,3626cpr1347,3626c
P,3626cpr1348,3626c
P,3068bpr0145,3068b
B,98138pr0134,67222
P,15068pr0005,15068
P,4162pr0035,4162
P,3070bpr0063,3070b
T,973c26h01,973c00
P,973c26h01pr0001,973c26h01
R,2582pr0005,4214
P,3626cpr0649,3626c
P,973c26h01pr1542,973c26h01
P,973c35h01pr4012,973c35h01
P,973c26h01pr2931,973c26h01
P,3626cpr1520,3626c
P,3626cpr1513,3626c
P,973c26h01pr2323,973c26h01
P,970c00pr0722,970c00
P,3626cpr1500,3626c
P,3626cpr1499,3626c
P,3626cpr1519,3626c
M,60658,3191
P,973c26h01pr1721,973c26h01
R,2582pr0005,4315
P,970c00pr9927,970c00
P,973c26h01pr0006,973c26h01
B,98138pr0149,67222
P,98138pr0150,98138
P,973c26h01pr0110,973c26h01
A,14181,2413
P,973c35h01pr3303,973c35h01
R,2582pr0005,4625
T,64258pat0001,64258
P,970c00pr0732,970c00
P,10054pr0002,10054
P,76371pr9996,76371
P,970c00pr0726,970c00
P,3626cpr1509,3626c
P,3068bpr9870,3068b
A,3040apr0001,3040bpr0004
P,973c26h01pr0281,973c26h01
P,970c00pr0665,970c00
P,57520pr0001,57520
A,973c35h01pr3303,973c35h01pr3940
P,973c35h01pr2116,973c35h01
T,18396pat0001,18396
T,51874pat0002,51874
P,43898pr1006,43898
P,970c00pr0720,970c00
P,10054pr0001,10054
P,44375bpr0010,44375b
P,3626cpr1488,3626c
P,3626bpr0919,3626b
P,87079pr0080,87079
P,15875c01pr0006,15875
P,3626cpr9965,3626c
P,29303pr0003,29303
T,51874pat0004,51874
M,62712,57910
P,970c00pr0731,970c00
P,3626cpr1431,3626c
P,970c00pr0737,970c00
P,3626cpr1489,3626c
P,3626cpr1491,3626c
T,51342pat0008,51342
R,36690,36688
P,98107pr0003,98107
P,16925c01pr0127,16925
T,51342pat0006,51342
T,51874pat0003,51874
P,90397pr0005,90397
P,3626cpr1403,3626c
P,3626cpr1444,3626c
P,973c05h03pr3226,973c05h03
P,3626cpr1418,3626c
P,973c05h03pr3633,973c05h03
P,3626bpr0781,3626b
M,3870,4870
P,970c00pr0615,970c00
M,92013,57910
P,973c05h03pr3637,973c05h03
P,973c05h03pr4248,973c05h03
P,3626cpr1419,3626c
P,3070bpr0066,3070b
P,3070bpr0067,3070b
P,3070bpr0070,3070b
P,3070bpr0072,3070b
P,3070bpr0074,3070b
R,2582pr0004,4214
P,14014pr0005,14014
P,3626cpr1333,3626c
P,3626cpr1396,3626c
P,3626cpr1355,3626c
P,3626cpr0920,3626c
P,98384pr0001,98384
P,970c00pr0650,970c00
P,970c00pr0664,970c00
P,31005pr0005,31005
P,3298pr0031,3298
P,93060pr0003,93060
R,60658,60657
R,4182,4181
P,3626cpr1576,3626c
P,98384pr0002,98384
P,970c00pr0663,970c00
P,3070bpr9994,3070b
P,3068bpr0187,3068b
A,brickslot2x4,3001
P,2431pr0199,2431
M,32561c02,32561c01
P,44375bpr0002,44375b
P,970c00pr0687,970c00
P,973c35h01pr4216,973c35h01
P,973c41h02pr9868,973c41h02
P,3626cpr1423,3626c
P,970c00pr1908,970c00
P,98107pr0004,98107
P,3626bpr0494,3626b
P,6179pr0015,6179
P,970c00pr0794,970c00
P,970c00pr0408,970c00
P,3626cpr1594,3626c
P,970c00pr0691,970c00
P,49570pr0006,49570
P,973c41h02pr9817,973c41h02
P,98280pr0001,98280
P,60581pr0023,60581
R,2452,4276b
P,3626cpr1430,3626c
P,3626cpr1432,3626c
P,3626cpr1424,3626c
P,3626cpr1433,3626c
P,3626cpr1428,3626c
P,3626cpr1422,3626c
P,3626bpr9999,3626b
P,93060pr0004,93060
M,6019,61252
P,973c36h36pr4683,973c36h36
P,973c36h01pr4647,973c36h01
P,4740pr0010,4740
P,973c36h01pr3300,973c36h01
P,3626cpr1435,3626c
P,3626cpr0976,3626c
P,3626bpr0745,3626b
P,3626cpr1593,3626c
P,3626cpr1596,3626c
M,2731b,2731
P,970c00pr9893,970c00
P,3626cpr0922,3626c
P,973c01h01pr9675,973c01h01
P,970c00pr1589,970c00
P,973c01h01pr3046,973c01h01
R,49294,56907
P,penupn0003pr0073,penupn0003
P,3626cpr1426,3626c
P,3626cpr1434,3626c
P,47543pr0004,47543
P,3626cpr3548,3626c
P,973c26h01pr1155,973c26h01
M,2536e,2536
T,15678pat0003,15678
P,3069bpr0126,3069b
P,3626cpr0764,3626c
P,31005pr0001,31005
P,3070bpr9993,3070b
P,973c26h01pr1725,973c26h01
P,24093pr0008,24093
B,6626,5306bc026
P,3626cpr1216,3626c
P,970c00pr0066,970c00
P,22385pr0085,22385
P,3070bpr0076,3070b
R,29338pr0001,29346pr0001
P,14014pr0001,14014
P,3068bpr0364,3068b
P,scalaupn0098pr0002,scalaupn0098
P,3626cpr1390,3626c
P,3626cpr1341,3626c
P,3626cpr1343,3626c
P,3626cpr1344,3626c
P,3626cpr1342,3626c
P,3626cpr3559,3626c
P,3626cpr0472,3626c
R,2582pr0004,4315
R,29120,29119
P,98107pr0012,98107
B,6626,5306bc036
P,4760c01pr0001,4760c01
R,2582pr0004,4625
P,87079pr0157,87079
R,2582pr0003,4214
P,98138pr0138,98138
P,3069bpr0030,3069b
R,2582pr0003,4315
B,98138pr0148,67222
P,3039pr0002,3039
P,45677pr0002,45677
R,2582pr0003,4625
P,3626cpr2564,3626c
P,3626cpr9962,3626c
P,4150pr0022,4150
P,16925c01pr0142,16925
P,3626cpr1629,3626c
P,3626cpr2565,3626c
P,3069bpr0212,3069b
P,3626cpr1317,3626c
P,973c09h01pr3140,973c09h01
B,98138pr0212,77485
P,3626cpr2501,3626c
R,784,3314
P,3069bpr0055,3069b
P,970c00pr0781,970c00
P,3626cpr3568,3626c
P,3626cpr3562,3626c
P,3626cpr3558,3626c
P,970c00pr0783,970c00
P,970c00pr1463,970c00
P,1022Apr0127,1022A
P,57900pr0001,57900
P,970c00pr1464,970c00
P,973c02h02pr4954,973c02h02
P,970c00pr0911,970c00
P,2431pr0040,2431
P,2431pr0059,2431
P,2431pr0045,2431
P,3069bpr0121,3069b
P,93591pr0009,93591
P,93597pr0001,93597
P,3626cpr1368,3626c
P,3626cpr1598,3626c
P,3626bpr0434,3626b
P,3626cpr1597,3626c
P,3068bpr0197,3068b
A,10904,86038
P,970c00pr1502,970c00
P,14769pr0080,14769
A,brickslot2x2,3003
P,3001pr0002,3001
P,6179pr0009,6179
P,973c03h02pr4389,973c03h02
P,3626bpr0657,3626b
P,970c00pr0433,970c00
P,3626bpr0748,3626b
P,3626bpr0489,3626b
T,64272pat0001,64272
P,30370pr0014,30370
P,973c03h12pr4863,973c03h12
P,54873pr0003,54873
P,3626cpr1745,3626c
R,15875c01pr0034,92456c01pr0051
P,32533pr0638,32533
P,3039pr9955,3039
P,3626cpr0979,3626c
P,3069bpr0102,3069b
P,6636pr0019,6636
P,3626cpr9966,3626c
P,6179pr0008,6179
P,3960pr0004,3960
P,3070bpr0101,3070b
P,3070bpr0093,3070b
P,3070bpr0094,3070b
P,3070bpr0096,3070b
P,11538pr0004,11538
P,3626cpr9963,3626c
P,970c00pr0051,970c00
R,2582pr0002,4214
P,3626bpr0607,3626b
R,2582pr0002,4315
P,3069bpr0128,3069b
R,2582pr0002,4625
P,3626bpr0778,3626b
P,970d25pr0665,970d00
P,970c00pr0776,970c00
P,309pr0002,309
P,3626cpr1568,3626c
P,3626cpr9901,3626c
P,47753pr0006,47753
P,2431pr0076,2431
P,973c24h03pr4985,973c24h03
P,973pb0246,3814
A,3008a,3008
B,98138pr0144,67222
P,98138pr0151,98138
B,4259,4180c02
P,973c24h01pr5094,973c24h01
P,973c03h01pr5134,973c03h01
P,973c03h02pr5154,973c03h02
P,973c03h02pr5159,973c03h02
P,973c03h03pr5182,973c03h03
P,4744pr0020,4744
A,3065,3004
M,19159,47994
P,93230pr0001,93230
R,6539,6538a
R,6539,6538b
P,3846pr0026,3846
P,4066pr0155,4066
P,14769pr1101,14769
A,4285b,4285a
P,970c00pr0510,970c00
P,45705pr0007,45705
P,973pb0040,3814
P,98133pr0015,98133
P,98133pr0009,98133
P,3626bpr0184,3626b
P,41854pr0008,41854
P,98496pr0001,98496
P,43898pr1002,43898
P,4181pr0008,4181
A,upn0362b,upn0362a
P,28631pr0008,28631
M,13349,4855
P,4162pr0024,4162
R,18979b,18976
P,3846pr0015,3846
R,11209,11208
P,3626bpr0170,3626b
P,973c35h01pr2121,973c35h01
R,3314,3317
P,4162pr0000,4162
P,45449pr0001,45449
P,41748pr0005,41748
P,3626cpr1275,3626c
P,3626cpr1276,3626c
P,30361cpr0002,30361c
P,4066pr0201,4066
M,16511,58119
R,18942,18940
P,6474pr9992,6474
P,30650pr0005,30650
P,13792pr0001,13792
M,18306,4491b
P,3039pr0010,3039
P,4066pr0137,4066
B,6551,6551c01
B,6552,6551c01
P,3068bpr0278,3068b
P,3068bpr0279,3068b
P,970c00pr0889,970c00
P,3678bpr0040,3678b
P,3068bpr0159,3068b
P,970c00pr0932,970c00
P,3040bpr0011,3040b
P,970c00pr0236,970c00
P,50990apr0001,50990a
P,3626bpr0764,3626b
P,41747pr0006,41747
R,92456c01pr0049,15875c01pr0002
P,40382c01pr0004,40382c01
P,30367cpr1007,30367c
P,93589pr0002,93589
P,3754pr0002,3754
R,98285,98286
P,2431pr0053,2431
P,3678bpr0066,3678b
P,3070bpr0258,3070b
R,2348a,2349b
P,4132pr0001,4132
P,48494pr0007,48494
P,98138pr0253,98138
P,14014pr0002,14014
P,3298pr0045,3298
P,14769pr1013,14769
P,970c00pr0213,970c00
P,970c00pr0323,970c00
P,973c26h01pr1533,973c26h01
P,3626cpr0872,3626c
P,2654pr0002,2654
P,3960pr9994,3960
P,3960pr0016,3960
P,90397pr0003,90397
P,45411pr0003,45411
A,3008b,3008
A,brickslot2x2a,3003
P,11538pr0006,11538
P,3626bpr0548,3626b
M,30361apr0001,30361cpr0002
P,3626apr0002,3626a
P,3626cpr2756,3626c
P,3626cpr9837,3626c
R,18979a,18976
P,93230pr0002,93230
R,18948,18947
R,32495c01,32494
P,3626cpr2757,3626c
M,61927a,61927
P,75902pr0015,75902
P,93070pr0007,93070
P,87079pr0022,87079
P,6179pr0010,6179
P,87079pr0054,87079
B,50704,4j005
P,98138pr0156,98138
P,3961pr0011,3961
P,98130pr0001,98130
P,3068bpr0281,3068b
P,45466pr0001,45466
P,98138pr0157,98138
P,973c26h01pr1657,973c26h01
P,3626cpr1249,3626c
P,15625pr0005,15625
P,30370pr0020,30370
R,2348a,2349a
P,973c26h01pr1830,973c26h01
P,3626cpr1976,3626c
P,6201pr0002,6201
P,87079pr0083,87079
P,32533pr0521,32533
P,87610pr0351,87610
P,973c09h01pr4788,973c09h01
P,scalaupn0098pr0001,scalaupn0098
P,32533pr0326,32533
P,970c00pr0931,970c00
P,970c00pr0013,970c00
P,6309pr0135,6309
P,3626cpr1778,3626c
P,87610pr0350,87610
P,10312pr0010,10312
P,2335pr0017,2335
P,3626cpr1779,3626c
P,3626cpr1114,3626c
P,3626bpr0049,3626b
P,3010pr9976,3010
P,2431pr0063,2431
P,3298pr0041,3298
P,747c02pr0006,747
P,3626cpr0989,3626c
P,4162pr0023,4162
P,970c00pr0424,970c00
P,3626cpr1161,3626c
P,3068bpr0219,3068b
P,3068bpr0201,3068b
P,3626cpr0980,3626c
P,3062bpr9968,3062b
P,3960pr0002,3960
P,3626bpr0230,3626b
P,10312pr0011,10312
P,3626cpr1078,3626c
P,3068bpr0189,3068b
P,11818pr0001,11818
P,1022Apr0128,1022A
P,3068bpr0196,3068b
P,4066pr0191,4066
P,3626cpr0897,3626c
P,3298pr0024,3298
R,2348b,2349b
P,3626cpr1599,3626c
P,3626cpr1600,3626c
R,52730,52731
A,3626cpr3005,3626cpr1856
P,44375bpr0004,44375b
P,3626bpr0287,3626b
P,3626cpr1585,3626c
P,16925c01pr0118,16925
P,2446pr0001,2446
P,98133pr0014,98133
P,2440pr0003,2440
P,3626cpr1613,3626c
P,973c26h01pr2320,973c26h01
P,970c00pr0816,970c00
P,3626cpr1616,3626c
P,3626cpr1615,3626c
B,973psz,973c51h51pr0516
P,4867pr0004,4867
M,44861,92280
P,973c35h01pr2610,973c35h01
P,3008pr0027,3008
R,2852,2851
P,24496pr0005,24496
P,15429pr0001,15429
A,3066,3010
R,6641,6539
P,99244pr0001,99244
P,3626cpr0645,3626c
P,75902pr0017,75902
P,92817c01pr0003,92817
P,4162pr0022,4162
P,3069bpr0042,3069b
P,4162pr0089,4162
P,4162pr0025,4162
P,3437pr0038,3437
P,75902pr0006,75902
P,3821pr0004,3821
P,4162pr0038,4162
M,61927b,61927
P,48995pr0008,48995
B,4j005a,4j005
P,973pw4,3814
P,973pb1276,3814
P,973pb0403,3814
P,30361cpr0001,30361c
P,2431pr0057,2431
P,747c01pr0003,747
P,3003pr0042,3003
R,20313,20312
P,4066pr0223,4066
P,4162pr0040,4162
P,970c00pr0929,970c00
B,22910c02,22910
M,65676,30259
P,970c00pr0941,970c00
B,973psz,973c03h03pr1469
P,3626cpr1794,3626c
P,3626cpr1793,3626c
P,973c01h01pr1648,973c01h01
P,970c00pr0942,970c00
P,3626cpr0746,3626c
P,3626cpr1792,3626c
P,970c00pr0943,970c00
P,1022Apr0138,1022A
P,973c01h01pr9954,973c01h01
P,970c00pr0954,970c00
P,970c00pr0955,970c00
P,973c01h01pr1834,973c01h01
P,24496pr0004,24496
P,3068bpr0365,3068b
P,30166pr0002,30166
P,3626cpr1806,3626c
P,41854pr0006,41854
P,18827pr0004,18827
P,4066pr0245,4066
P,4744pr0004,4744
P,93591pr0010,93591
P,3626cpr0974,3626c
P,87079pr0026,87079
P,970c00pr0263,970c00
P,6153apr0002,6153a
P,49663pat0001pr0001,49663pat0001
P,10049pr0001,10049
P,3960pr9987,3960
P,3068bpr0103,3068b
R,4474pr0001,4214
P,50986pr0002,50986
P,4209pr0004,4209
P,30602pr0010,30602
P,777pr0011,777
P,3437pr0025,3437
R,4474pr0001,4315
P,30602pr0029,30602
P,3068bpr0002,3068b
P,3001pr0046,3001
P,93604pr0002,93604
P,11818pr0003,11818
P,6636pr0020,6636
P,3626cpr1569,3626c
P,3068bpr0282,3068b
P,3626cpr1575,3626c
P,3626cpr1573,3626c
P,970c00pr0770,970c00
P,2336pr0001,2336
P,970c00pr0778,970c00
P,49570pr0003,49570
P,3068bpr0334,3068b
P,3068bpr0243,3068b
P,3626bpr0500,3626b
P,970c00pr9978,970c00
P,15429pr0003,15429
A,3010a,3010
P,973c22h01pr9665,973c22h01
T,973c27h01,973c00
R,52985,56908
P,649pr0009,649
R,6641,18947
P,973c26h01pr2689,973c26h01
P,14733pr0001,14733
P,52979pr0002,52979
M,11062,2039
P,52979pr0003,52979
P,2586pr0023,2586
P,3068bpr0064,3068b
P,3626bpr0439,3626b
P,30361cpr0003,30361c
P,6250pr0001,6250
P,970c00pr0927,970c00
P,3626cpr1776,3626c
P,3626cpr1775,3626c
A,30350cpr0011,30350cpr0012
P,970c00pr0956,970c00
P,30117pr0007,30117
R,23422,23421
P,3626cpr1977,3626c
R,50859b,85983
R,15875c01pr0008,92456c01pr0086
P,57895pr0008,57895
R,46490,52731
P,4215apr0016,4215a
P,3005pr9903,3005
R,86444,84599
M,57796,32074c01
P,18990pr0004,18990
P,3068bpr9740,3068b
P,2431pr0079,2431
P,3626cpr2009,3626c
P,4867pr0007,4867
P,970c00pr0533,970c00
P,3068bpr0193,3068b
P,3068apr0002,3068a
P,3069bpr0041,3069b
P,3626cpr0677,3626c
P,3960pr0029,3960
M,2536a,2536
P,973c26h01pr2879,973c26h01
P,973c26h01pr2839,973c26h01
P,973c26h01pr2751,973c26h01
P,973c26h01pr4023,973c26h01
P,93230pr0004,93230
P,98281pr0002,98281
R,38340,38339
R,2878,57051
M,61254b,61254
B,789,787c03
P,3062bpr0023,3062b
P,3626bpr0954,3626b
P,3811pr0003,3811
R,4474pr0001,4625
P,41747pr0007,41747
P,30361cpr0004,30361c
P,3068bpr0208,3068b
P,3068bpr9869,3068b
P,87079pr0188,87079
P,3068bpr9743,3068b
P,6636pr0012,6636
P,20953pr0003,20953
P,48995pr0005,48995
P,4066pr0269,4066
P,3626cpr1611,3626c
P,3626cpr1612,3626c
P,3068bpr9742,3068b
P,970c00pr1783,970c00
P,45677pr0014,45677
P,3068bpr9741,3068b
B,789,787c04
P,3068bpr9868,3068b
P,970c00pr0034,970c00
P,3626cpr1583,3626c
P,3068bpr9867,3068b
P,3626bpr0628,3626b
P,3626bpr0909,3626b
P,970c00pr0177,970c00
P,3008pr0016,3008
P,22385pr0110,22385
P,970x199pr0001,970x199
M,brickslot1x2a,brickslot1x2
P,3626bpr0032,3626b
P,973c26h01pr0172,973c26h01
P,98133pr0012,98133
P,973c26h01pr0058,973c26h01
P,973c26h01pr0082,973c26h01
P,3626cpr1641,3626c
P,90498pr0003,90498
P,970c00pr0959,970c00
P,3068bpr0250,3068b
P,3626cpr1805,3626c
P,15627pr0008,15627
P,973c03h02pr2719,973c03h02
P,87926pr0002,87926
P,3626cpr9961,3626c
P,24496pr0001,24496
P,6259pr0002,6259
P,15626pr0009,15626
A,6881a,6881b
M,11153,61678
P,3626cpr2302,3626c
P,970c00pr0267,970c00
P,970c00pr0957,970c00
P,20398pr0001,20398
P,15496pr0003,15496
P,973c26h01pr0145,973c26h01
P,66857pr0009,66857
P,3068bpr9866,3068b
P,24496pr0002,24496
P,3626cpr1825,3626c
P,973c26h01pr9999,973c26h01
P,98165pr0005,98165
P,98165pr0006,98165
P,2528pr0014,2528
P,32533pr0485,32533
P,973pdd,3814
P,3004pr9979,3004
P,31005pr0002,31005
P,3626cpr1801,3626c
P,3626cpr1802,3626c
P,970c00pr0960,970c00
P,3626cpr1807,3626c
P,973c26h01pr0005,973c26h01
P,3626cpr1808,3626c
P,3622pr0061,3622
P,970c00pr0962,970c00
P,3626cpr1810,3626c
P,44375apr0004,44375a
P,973c26h01pr9998,973c26h01
P,3626cpr1809,3626c
R,40374,40373
P,3070bpr0152,3070b
P,24093pr0015,24093
B,85045c01pr0001,85043
B,85046c01,85043
P,973c35h01pr2629,973c35h01
P,75902pr0007,75902
P,18675pr0004,18675
P,3626bpr0499,3626b
A,63082,3730
P,3011pr0013,3011
P,3626bpr0036,3626b
P,3004pr0075,3004
P,3037pr0016,3037
P,91884pr0004,91884
P,3298pr0049,3298
P,2446pr0032,2446
P,970c00pr0235,970c00
P,3070bpr0041,3070b
P,11233pr0005,11233
P,3068bpr0113,3068b
P,970c00pr0261,970c00
P,3068bpr0126,3068b
P,3626bpr1059,3626b
P,3626cpr1188,3626c
P,970c00pr0930,970c00
R,2855,2856
P,3068bpr0063,3068b
P,3626cpr1502,3626c
P,3626bpr0655,3626b
P,3069bpr0106,3069b
T,50899pat0001,50899
P,3437pr0051,3437
P,3068bpr9738,3068b
P,4181pr0003,4181
P,3626bpr0687,3626b
P,99257pr0001,99257
P,3626cpr1773,3626c
P,3626cpr1567,3626c
P,3626bpr0441,3626b
P,3626cpr1572,3626c
P,98138pr0087,98138
P,970c00pr0775,970c00
P,98603s02pr0014,98603
P,15068pr0030,15068
P,3626cpr2303,3626c
P,973c26h01pr0004,973c26h01
P,3068bpr0048,3068b
P,3626cpr1622,3626c
P,98342pr0006,98342
P,penupn0003pr0074,penupn0003
P,11055pr0011,11055
P,3626cpr2402,3626c
P,973c20h20pr2711,973c20h20
P,3846pr0013,3846
P,67644pr0001,67644
P,11153pr0001,11153
P,11153pr0002,11153
P,3010pr9958,3010
P,3626cpr2403,3626c
P,4066pr0174,4066
P,penupn0003pr0075,penupn0003
P,3010pr9972,3010
P,3010pr9971,3010
P,3961pr0009,3961
P,98603s02pr0013,98603
P,42602pr0006,42602
P,3068bpr0254,3068b
R,50859b,50860
P,16816pr0002,16816
P,90638pr0001,90638
P,19680pr0001,19680
P,15496pr0001,15496
P,98165pr0002,98165
P,3900pr0002,3900
P,30366pr0005,30366
P,67644pr0002,67644
P,973pb1045,3814
P,60601pr0001,60601
R,85045c01pr0001,85046c01
R,15875c01pr0004,92456c01pr0025
P,67644pr0003,67644
P,18675pr0005,18675
P,15627pr0009,15627
P,32896pr0002,32896
R,86444,87662
M,57796,32074c02
P,42602pr0005,42602
P,3626bpr0038,3626b
P,4864bpr0001,4864b
A,brickslot1x2a,3004
P,3626bpr0542,3626b
P,3626bpr0448,3626b
P,42061pr0003,42061
P,970c00pr0276,970c00
P,3626bpr0069,3626b
P,30261pr0011,30261
P,3626bpr0065,3626b
P,3626bpr0175,3626b
P,3626bpr0210,3626b
P,3626bpr0703,3626b
P,44375apr0003,44375a
P,30474pr0005,30474
P,970c00pr0052,970c00
P,1021Apr0069,1021A
P,3626bpr0268,3626b
P,3070bpr0068,3070b
P,3626bpr0653,3626b
P,91884pr0001,91884
P,41747pr0017,41747
P,50899pr0002,50899
P,3245bpr0007,3245b
P,4162pr0011,4162
P,30259pr0005,30259
P,3626bpr0057,3626b
P,31001pr0001,31001
P,30144pr0029,30144
P,3008apr0015,3008a
P,99257pr0002,99257
P,98341pr0006,98341
P,970c00pr9899,970c00
P,3626bpr0827,3626b
P,3004pr9957,3004
P,970c00pr0046,970c00
P,3626cpr1601,3626c
P,973c09h02pr3126,973c09h02
P,3626bpr0464,3626b
P,3626bpr0488,3626b
P,1021Apr0184,1021A
P,3626cpr1602,3626c
P,649pr0008,649
P,2490pr0014,2490
P,48995pr0007,48995
P,69073pr0001,69073
P,98133pr0016,98133
P,48995pr0004,48995
P,973c21h21pr3258,973c21h21
P,44375apr0002,44375a
P,3626cpr1634,3626c
P,3626cpr1633,3626c
P,3626cpr1632,3626c
P,3005pr9910,3005
R,65195pr0004,93560
P,973c21h21pr5026,973c21h21
A,4555c03pr0032,4555c03pr0019
P,3003pr0015,3003
P,3245cpr0001,3245c
P,973c20h20pr2710,973c20h20
P,98603s02pr0015,98603
P,3004pr0076,3004
P,973c35h01pr4009,973c35h01
P,3626cpr1248,3626c
P,4162pr0020,4162
P,3068bpr0249,3068b
P,973c26h01pr4677,973c26h01
P,3664pr0023,3664
P,970c00pr1331,970c00
P,3069bpr0141,3069b
P,15496pr0002,15496
R,86444,95656
P,98165pr0001,98165
P,973p7s,3814
P,3626bpr0656,3626b
P,90638pr0003,90638
P,3821pr0009,3821
P,973c26h01pr0103,973c26h01
P,18675pr0006,18675
P,30380pr0002,30380
P,3626cpr1765,3626c
P,3846pr0025,3846
P,92747pr0002,92747
P,3069bpr0153,3069b
P,3626cpr1777,3626c
P,970c00pr0917,970c00
P,penupn0004pr0147,penupn0004
P,3626bpr0054,3626b
P,973c26h01pr0105,973c26h01
P,970c00pr9904,970c00
P,3626cpr1729,3626c
P,973c01h01pr1990,973c01h01
P,3626cpr1737,3626c
P,3626bpr0803,3626b
P,3626cpr1725,3626c
P,970c00pr0021,970c00
P,3626cpr1733,3626c
P,3626cpr1732,3626c
R,3315,3433
P,970c00pr0912,970c00
P,970c00pr0919,970c00
P,973c26h01pr0106,973c26h01
P,970c00pr0030,970c00
P,3626cpr1726,3626c
P,970c00pr0913,970c00
P,3037pr0015,3037
A,10888,44538
R,43374,43373
P,970c00pr0918,970c00
P,3005pr9997,3005
P,3626cpr0725,3626c
P,90639pr0006,90639
P,3626bpr0829,3626b
P,3068bpr0123,3068b
P,30602pr0027,30602
P,3068bpr9739,3068b
P,41748pr0018,41748
R,2527,84943a
P,6179pr0019,6179
P,93220pr0001,93220
P,98603s02pr0016,98603
P,970c00pr0377,970c00
P,3068bpr0252,3068b
P,16816pr0001,16816
P,4066pr0200,4066
P,90638pr0002,90638
P,3626bpr0014,3626b
P,3069bpr0105,3069b
P,973pb0305,3814
P,4345bpr0001,4345b
P,85984pr0002,85984
P,777pr0010,777
P,973pb0539,3814
P,95342pr0001,95342
P,2431pr0077,2431
M,76371,4066
P,4162pr0032,4162
P,970c00pr0704,970c00
T,973c26h26,973c00
P,3005pr9999,3005
P,3622pr0062,3622
P,3004pr9982,3004
P,92747pr0003,92747
P,4066pr0145,4066
P,4209c02pr0002,4209
P,63871pr0001,63871
P,3068bpr0075,3068b
P,66857pr0010,66857
P,3068bpr9737,3068b
P,31213pr0006,31213
P,2587pr0006,2587
P,973c03h27pr9999,973c03h27
P,3004pr0007,3004
P,3846pr0023,3846
P,3069bpr0084,3069b
P,3011pr0008,3011
P,6309pr0074,6309
P,3070bpr0145,3070b
P,3626cpr0961,3626c
P,3626bpr0877,3626b
P,24496pr0007,24496
P,63864pr0013,63864
P,3069bpr0210,3069b
P,3626bpr0869,3626b
A,brickslot1x2a,3065
M,16816,99257
P,98342pr0002,98342
P,3003pr0044,3003
P,98603s01pr0004,98603
P,973c27h01pr0086,973c27h01
P,973c27h01pr0091,973c27h01
P,clikupn0063pr0003,clikupn0063
P,47544pr0001,47544
P,3010pr0003,3010
P,3626cpr1603,3626c
P,970c00pr0804,970c00
P,3626bpr0453,3626b
P,3626bpr0553,3626b
P,4066pr0251,4066
P,3068bpr9736,3068b
P,970c00pr0777,970c00
P,3626bpr0698,3626b
P,973c22h27pr3147,973c22h27
P,3626bpr9966,3626b
P,973c27h01pr3146,973c27h01
P,3626bpr0713,3626b
P,2362apr0002,2362a
P,4150pr0031,4150
M,brickslot2x2b,brickslot2x2
P,3626bpr0715,3626b
P,3626bpr1031,3626b
P,1022Apr0130,1022A
P,4162pr0036,4162
P,3068bpr9951,3068b
P,3629pr0001,3629
P,3626cpr1570,3626c
P,970c00pr0173,970c00
P,6179pr0020,6179
P,3626cpr1222,3626c
P,3626cpr1227,3626c
P,1022Apr0168,1022A
M,brickslot2x2b,brickslot2x2a
R,10154,10124
P,93220pr0002,93220
P,98138pr0091,98138
P,4744pr0041,4744
P,970c00pr0210,970c00
P,970c00pr0293,970c00
P,31110pr0016,31110
P,973c06h06pr3336,973c06h06
P,4162pr0033,4162
P,1021Apr0070,1021A
P,3068bpr9947,3068b
P,3068bpr0248,3068b
P,85984pr0003,85984
P,3068bpr0253,3068b
P,30603pr0003,30603
P,2335pr0003,2335
P,90398pr0016,90398
P,98603s02pr0018,98603
P,98071pr0011,98071
P,98603s02pr0017,98603
P,973c26h26pr0059,973c26h26
P,776pr0008,776
P,3298pr0002,3298
P,92747pr0004,92747
P,970c00pr0916,970c00
P,3005pr9939,3005
P,3626cpr1815,3626c
P,970c00pr0915,970c00
P,2431pr0023,2431
P,3626cpr1735,3626c
P,3626cpr1734,3626c
P,3626cpr1736,3626c
P,2336pr0002,2336
P,3626cpr1727,3626c
P,3626cpr1730,3626c
P,3626cpr1731,3626c
P,3626cpr1728,3626c
P,1021Apr0072,1021A
P,3622pr0011,3622
R,21987,21755
P,3623pr0011,3623
B,93058b,19807
P,3068bpr0251,3068b
P,14769pr1008,14769
R,30179,60797c03
P,3069bpr0154,3069b
P,87079pr0082,87079
P,3070bpr0040,3070b
P,3626bpr0753,3626b
P,3626cpr0744,3626c
P,6179pr0018,6179
P,3297pr0023,3297
P,51547pr0009,51547
P,11818pr0004,11818
P,6179pr0022,6179
P,1021Apr0076,1021A
P,3626bpr0716,3626b
P,3037pr0017,3037
P,3626cpr9904,3626c
P,3626bpr0780,3626b
P,43702pr0001,43702
P,98133pr0013,98133
P,69073pr0002,69073
P,3626bpr0779,3626b
P,3437pr0063,3437
P,53565pr0001,53565
P,3626bpr1024,3626b
P,93091pr0005,93091
R,71965,32089
P,970c00pr0179,970c00
P,6309pr0134,6309
P,10124pr0001,10124
P,970c00pr0017,970c00
P,973c06h01pr2975,973c06h01
P,92747pr0005,92747
P,3245cpr0002,3245c
A,19084,31445
P,50948pr0001,50948
P,3626cpr2278,3626c
P,3006pr0006,3006
P,12892pr0001,12892
P,973psv,3814
P,6213pr0008,6213
P,973pb0035,3814
P,973c01h01pr2159,973c01h01
P,973c01h01pr0154,973c01h01
P,3626cpr1772,3626c
P,15068pr0031,15068
P,50231pr0006,50231
P,50747pr0006,50747
P,973c06h01pr3459,973c06h01
P,973c06h01pr3230,973c06h01
P,11538pr0007,11538
P,87079pr0081,87079
R,15875c01pr0003,92456c01pr0024
P,973c26h26pr0094,973c26h26
M,93058b,93058
R,60596,60797c03
P,3961pr0012,3961
R,15875c01pr0023,92456c01pr0046
P,973c26h26pr0068,973c26h26
P,3626bpr0165,3626b
R,94164,84599
R,94164,87662
P,3626cpr1084,3626c
P,3069bpr0107,3069b
P,4740pr0007,4740
P,30370pr0004,30370
P,98223pr0001,98223
M,48245,18742
P,98138pr0057,98138
P,87079pr0115,87079
P,18895pr0003,18895
R,2527,518
P,4066pr0242,4066
P,970c00pr0047,970c00
P,penupn0004pr0148,penupn0004
P,3005pr9974,3005
P,3626bpr0842,3626b
P,3626bpr0844,3626b
P,3070bpr0044,3070b
P,30250pr0001,30250
P,3960pr9983,3960
P,4150pr0008,4150
P,970c00pr0405,970c00
P,30602pr0022,30602
P,3069bpr0020,3069b
P,970c00pr0774,970c00
P,970c00pr0773,970c00
P,970c00pr0333,970c00
P,3626cpr9783,3626c
P,3626cpr2555,3626c
P,33009pr0010,33009
P,44375apr0008,44375a
P,92747pr0006,92747
P,10154pr0001,10154
P,3069bpr0072,3069b
P,970c00pr0012,970c00
P,30370pr0003,30370
P,87079pr0065,87079
P,32533pr0234,32533
R,33172,33183
P,973pb1310,3814
P,973pb0424,3814
P,3678bpr0050,3678b
P,33013pr0003,33013
P,970c00pr0928,970c00
P,3626cpr1774,3626c
P,4150pr0028,4150
P,3010pr9973,3010
P,3009pr0026,3009
R,60599,60797c03
P,49570pr0005,49570
R,15875c01pr0006,92456c01pr0065
P,608pr0003,608
R,94164,95656
P,3626bpr0923,3626b
P,11203pr0019,11203
P,30600pr0005,30600
P,3011pr9994,3011
R,24189,24190
P,35787pr0004,35787
P,970c00pr1006,970c00
P,98138pr0063,98138
P,3626cpr1814,3626c
P,98138pr0065,98138
P,3626cpr1811,3626c
P,970c00pr1005,970c00
P,3626cpr1106,3626c
P,3011pr0011,3011
P,973c27h01pr9643,973c27h01
P,3068bpr0024,3068b
P,3010pr9954,3010
P,3626cpr9915,3626c
P,3626cpr0807,3626c
P,3626cpr2556,3626c
P,59349pr0003,59349
P,4744pr0013,4744
P,32523pr0002,32523
P,32526pr0001,32526
P,3626bpr0046,3626b
P,3005pr9892,3005
P,2586pr0027,2586
P,3070bpr0075,3070b
P,42531pr0001,42531
P,3626cpr9849,3626c
P,42531pr0002,42531
P,98138pr0082,98138
P,98138pr0083,98138
P,3068bpr9735,3068b
M,42947,18892
P,68869pr0146,68869
M,66897,21445
P,85984pr0021,85984
P,25269pr0022,25269
P,24246pr0005,24246
P,24246pr0007,24246
P,24246pr0006,24246
P,3070bpr0217,3070b
P,3070bpr0218,3070b
P,3626bpr0731,3626b
P,11818pr0002,11818
P,970c00pr0462,970c00
P,3068bpr0546,3068b
P,3626bpr0569,3626b
P,24246pr0010,24246
P,24246pr0009,24246
P,3070bpr0225,3070b
P,3069bpr0142,3069b
P,3626cpr1620,3626c
P,3068bpr9992,3068b
T,41671pat0002,41671
P,973pb0929,3814
P,98133pr0011,98133
P,970c00pr0815,970c00
P,3626cpr1617,3626c
R,10154pr0001,10124pr0001
P,973p90,3814
P,6179pr0012,6179
P,31005pr0003,31005
P,2336pr0003,2336
P,973pb0681,3814
R,15875c01pr0005,92456c01pr0063
P,970x001pr0001,970x001
P,clikupn0064pr0002,clikupn0064
P,3010pr9964,3010
R,42061,42060
P,3626bpr0511,3626b
P,15875c01pr0007,15875
P,3069bpr0155,3069b
P,61856pr0001,61856
P,30287pr0004,30287
R,2527,84943
P,10164pr0001,10164
P,4744pr0015,4744
P,30156pr0006,30156
P,3005pr9955,3005
P,20596pr0001,20596
P,12891pr0001,12891
P,970c00pr1498,970c00
P,3003pr0001,3003
P,3846pr0039,3846
P,3626bpr0018,3626b
P,2335pr0025,2335
P,3004pr0077,3004
P,3822pr0009,3822
P,15424pr0001,15424
T,11302pat0001,11302
P,11203pr0010,11203
P,970c00pr0354,970c00
P,30259pr0006,30259
P,98138pr0254,98138
P,3070bpr0224,3070b
P,95330pr0001,95330
P,6256pr0001,6256
P,3068bpr9859,3068b
P,3626cpr2027,3626c
P,3626cpr2029,3626c
P,6213pr0013,6213
P,24593pr0011,24593
P,3068bpr0206,3068b
P,26603pr0039,26603
P,43898pr0006,43898
P,3069bpr0089,3069b
P,2446pr0038,2446
P,3070bpr0102,3070b
P,3678bpr0014,3678b
P,3626cpr0958,3626c
P,3626bpr0078,3626b
P,30602pr0019,30602
P,3626bpr0515,3626b
P,3846pr0034,3846
P,3626bpr0443,3626b
P,3068bpr0147,3068b
P,54094pr0001,54094
P,3009apr0032,3009a
P,3001pr0035,3001
P,3069bpr0088,3069b
P,3005pr0002,3005
P,98603s01pr0007,98603
P,3069bpr0007,3069b
A,84638c06pr0678,84638c06pr0036
P,3626cpr1571,3626c
P,2490pr0011,2490
P,30102pr0001,30102
P,30370pr0022,30370
P,3645pr0001,3645
P,30378pr0004,30378
P,3626cpr1574,3626c
P,970c00pr0772,970c00
A,84638c04pr2821,84638c06pr0036
P,4162pr0017,4162
A,973c28h02pr4669,973c28h02pr1803
P,970c00pr0771,970c00
P,973psz,3814
P,50231pr0008,50231
P,973pb0103,3814
P,3009pr0056,3009
P,973pb0024,3814
P,60603pr0003,60603
P,41671pr0001,41671
R,15875c01pr0007,92456c09pr0066
P,3005pr9948,3005
P,6069pr0005,6069
P,3069bpr0046,3069b
P,30287pr0001,30287
P,3626cpr2362,3626c
P,49308pr0007,49308
P,4864apr0001,4864a
P,20596pr0004,20596
P,11778pr0001,11778
P,973c28h01pr2199,973c28h01
P,6251pr0001,6251
P,970c00pr1364,970c00
P,3678bpr0051,3678b
P,3297pr0015,3297
P,92254pr0001,92254
P,3626cpr2022,3626c
P,49308pr0006,49308
P,2654pr0015,2654
P,14222pr0011,14222
P,87079pr0208,87079
P,87079pr0209,87079
P,87079pr0214,87079
P,87079pr0215,87079
P,98138pr0084,98138
P,3069bpr0110,3069b
P,4066pr0205,4066
P,14769pr1220,14769
P,970c00pr1121,970c00
P,970c00pr1105,970c00
P,3068bpr9734,3068b
P,970c00pr9884,970c00
P,11344pr0001,11344
P,98138pr0085,98138
P,48995pr0002,48995
M,99464,25511
A,38190,97489
P,3626bpr0275,3626b
P,970d03pr0115,970d03
P,3039pr9977,3039
B,34721a,34721c01
P,2446pr0047,2446
P,3626cpr0959,3626c
M,37157,25514
P,4162pr0068,4162
A,36618,50231
A,29249,36184
P,16925c01pr0133,16925
P,3626bpr1092,3626b
P,3626bpr1027,3626b
P,3626bpr0345,3626b
P,4215bpr0002,4215b
P,3626bpr1052,3626b
P,3626cpr3349,3626c
R,4346pr0002,4345bpr0001
P,970c00pr0175,970c00
P,649pr0002,649
P,970c00pr0457,970c00
P,3068bpr0552,3068b
P,3008pr0034,3008
M,4345apr0003,4345bpr0001
P,98071pr0006,98071
P,3626cpr3366,3626c
P,3626cpr1584,3626c
P,973psh,3814
P,43898pr1001,43898
P,93591pr0017,93591
P,3003pr0048,3003
M,19888,50231
P,98138pr0111,98138
P,3068bpr0245,3068b
P,3068bpr9733,3068b
P,30144pr0018,30144
P,87748pr0006,87748
R,13754,11598
P,3626cpr3350,3626c
A,3943b,3943a
P,4162pr0009,4162
T,11302pat0003,11302
P,3010pr9987,3010
P,48933pr0005,48933
P,3626bpr9969,3626b
P,3068bpr0161,3068b
P,93060pr0006,93060
P,3009pr0002,3009
P,3626bpr0012,3626b
P,44375apr0001,44375a
M,18738,30193
R,45785,45783
P,32533pr0663,32533
P,93060pr0007,93060
P,30647pr0002,30647
P,3068bpr9732,3068b
P,3626cpr1517,3626c
P,3626cpr1518,3626c
A,32556,6558
P,15359pr0001,15359
P,15359pr0002,15359
R,42610,50951
B,30163,30163c01
P,4864bpr0008,4864b
P,32533pr0116,32533
B,30164pr0001,30163c01pr0001
P,3003pr9999,3003
P,15359pr0003,15359
P,89140pr0001,89140
R,64700,86501
P,970c00pr1564,970c00
P,3626cpr3365,3626c
M,20302,6427
P,31005pr0004,31005
P,74664pr0001,74664
A,10883,26701
B,36512a,36512c01
P,30367bpr0006,30367b
P,15068pr0053,15068
A,11955,10928
P,30296pr0001,30296
M,89201,30648
P,3070bpr0149,3070b
R,32194,32176
B,98138pr0138,67222
P,24093pr0009,24093
A,4868b,4868a
P,98138pr0149,98138
P,93219pr0001,93219
P,3036apr0002,3036a
P,3626bpr0654,3626b
P,3626cpr3357,3626c
P,72326pr0001,72326
R,47674,47676
R,3938,3937
P,3626cpr3358,3626c
P,18973pr0009,18973
P,69934pr0001,69934
P,3068bpr0195,3068b
P,98071pr0005,98071
P,970c00pr0159,970c00
P,15427pr0002,15427
P,36036pr0024,36036
P,85984pr0001,85984
P,973pb0733,3814
P,3069bpr0312,3069b
P,4744pr0036,4744
P,3001pr0023,3001
P,98341pr0001,98341
R,42610,51011
P,41671pr0002,41671
P,973pb1188,3814
T,93549pat0005,93549
P,98153pr0003,98153
P,3626cpr9845,3626c
P,3069bpr9990,3069b
R,43045,43056
P,970c00pr0761,970c00
P,3009pr0057,3009
P,3010pr9970,3010
P,30287pr0002,30287
P,3626cpr0025,3626c
P,86500pr0007,86500
P,87613pr0002,87613
P,712apr0001,712a
P,93591pr0002,93591
P,970c00pr0768,970c00
P,4066pr0147,4066
P,3626cpr1626,3626c
T,973c08h17,973c00
P,3626cpr1625,3626c
M,51509b,51509a
P,3626cpr1627,3626c
P,3068bpr9731,3068b
M,11399,47998
P,93557pr0001,93557
P,3070bpr0205,3070b
P,72326pr0002,72326
R,30356,30355
P,18895pr0001,18895
B,30163,30163c01pr0001
P,11055pr0012,11055
P,3626bpr0946,3626b
P,3069bpr0156,3069b
P,6239pr0013,6239
P,3068bpr0280,3068b
P,13757pr0001,13757
P,93606pr0004,93606
R,87750,87748
P,4066pr0172,4066
P,15359pr0004,15359
B,30164,30163c01
R,47674,47675
P,87079pr0101,87079
P,3005pr9911,3005
P,30367bpr0002,30367b
P,40380c01pr0001,40380c01
P,95351pr0005,95351
P,30477pr0001,30477
R,6134,3937
P,85863pr0001,85863
P,3003pr0007,3003
P,42022pr0006,42022
P,4858pr0006,4858
P,2446pr0046,2446
P,3024pr0008,3024
P,92747pr0008,92747
P,3037pr0009,3037
P,6179pr9986,6179
P,3678bpr0080,3678b
P,3069bpr0079,3069b
P,98071pr0002,98071
P,3009apr0010,3009a
T,93549pat0006,93549
A,4555c03pr0044,4555c03pr0068
P,41671pr0003,41671
P,69934pr0002,69934
P,2431pr0014,2431
R,20691pr0001,21042pr0001
P,98071pr0001,98071
P,3626cpr1252,3626c
R,98072,98071
R,20691pr0003,21042pr0001
P,11203pr0135,11203
P,62360pr0001,62360
R,42610,92409
P,6153apr0003,6153a
P,970c00pr0762,970c00
R,821,820
T,53988pat0001,53988
P,3626cpr1561,3626c
P,3009apr0004,3009a
P,973c02h02pr1837,973c02h02
P,973c03h02pr1960,973c03h02
P,3626bpr0634,3626b
P,973pb0428,3814
P,3062bpr0042,3062b
P,2552pr0002,2552
P,15357pr0001,15357
P,3626cpr9836,3626c
P,3069bpr0284,3069b
P,21019c00pat004pr0001,21019c00pat004
P,4066pr0100,4066
P,30287pr0003,30287
P,87606pr0001,87606
P,48933pr0007,48933
P,15357pr0002,15357
P,970c00pr1889,970c00
P,49570pr0004,49570
P,973c03h03pr2045,973c03h03
P,30367apr0007,30367a
P,4150pr0037,4150
P,93587pr0005,93587
P,3626cpr9835,3626c
P,3069bpr0116,3069b
P,3626cpr0812,3626c
P,3068bpr9729,3068b
P,85863pr0002,85863
P,85863pr0003,85863
P,85863pr0004,85863
P,85863pr0005,85863
P,3626cpr9834,3626c
P,85863pr0006,85863
P,85863pr0007,85863
P,85863pr0008,85863
P,85863pr0009,85863
P,85863pr0010,85863
P,85863pr0011,85863
P,40374pr0004,40374
P,66912pr0001,66912
P,3009apr0003,3009a
P,2431pr0032,2431
P,4066pr0228,4066
R,11778pr0001,11777pr0001
P,72326pr0003,72326
P,3009pr0004,3009
P,3626cpr9832,3626c
P,39739pr0002,39739
P,41970pr0003,41970
P,15491pr0001,15491
M,18838,14707
P,41855pr0003,41855
P,4536pr0001,4536
P,3664pr0015,3664
P,3011pr9995,3011
A,4151c,4151
P,87079pr0084,87079
R,87750,87748pr0001
P,3298pr0020,3298
P,31111pr0020,31111
P,3626cpr0972,3626c
R,47675,47676
P,3005pr9994,3005
P,3626bpr0041,3626b
P,3626cpr0753,3626c
P,95674pr0001,95674
P,973c01h01pr2071,973c01h01
P,3626bpr0113,3626b
P,30602pr0016,30602
P,973c03h03pr1900,973c03h03
P,3626cpr1142,3626c
P,93549pat0006pr0001,93549pat0006
P,3070bpr0191,3070b
P,3626bpr0738,3626b
P,14pr0005,14
P,3009apr0028,3009a
P,3626cpr0967,3626c
P,970c00pr0215,970c00
P,970c00pr0332,970c00
P,3960pr9978,3960
M,712a,712
R,20691pr0002,21042pr0001
P,3068bpr9730,3068b
P,37352pr0010,37352
P,30622pr0001,30622
P,3069bpr0185,3069b
P,3846pr0017,3846
P,37352pr0009,37352
P,3069bpr0026,3069b
P,3068bpr9954,3068b
P,47844pr0002,47844
P,45463pr0001,45463
P,970c00pr0763,970c00
P,3626cpr1566,3626c
R,fabupn0022,fabupn0023
P,3069bpr0313,3069b
P,3626bpr9958,3626b
P,3069bpr9996,3069b
P,970c00pr0150,970c00
P,93604pr0001,93604
P,11055pr0010,11055
P,3069bpr0034,3069b
P,3626cpr0655,3626c
M,92409,51011
T,24157pat0002,24157
P,3004pr9969,3004
T,64327pat0001,64327
P,4066pr0081,4066
R,30231pr0002,30231pr0001
P,973c03h03pr1805,973c03h03
P,4181pr0005,4181
P,41854pr0010,41854
P,15357pr0003,15357
P,3039pr9953,3039
M,24123,31901
P,3626cpr1578,3626c
P,3846pr0032,3846
A,30367b,30367a
P,11203pr0136,11203
P,85863pr0012,85863
P,85863pr0013,85863
P,3626bpr9991,3626b
P,85863pr0014,85863
P,3626bpr9972,3626b
P,85863pr0015,85863
P,3005pr9934,3005
P,42061pr0009,42061
P,85863pr0016,85863
P,85863pr0017,85863
P,85863pr0018,85863
P,85863pr0021,85863
P,85863pr0022,85863
P,85863pr0023,85863
P,85863pr0024,85863
P,85863pr0029,85863
P,41855pr0009,41855
P,85863pr0030,85863
P,85863pr0031,85863
P,3005pr9890,3005
P,85863pr0032,85863
P,85863pr0033,85863
P,85863pr0034,85863
P,85863pr0035,85863
P,85863pr0036,85863
P,85863pr0037,85863
P,85863pr0038,85863
P,3070bpr0058,3070b
P,85863pr0039,85863
P,973c10h12pr9890,973c10h12
P,85863pr0040,85863
P,3626bpr0152,3626b
P,85863pr0041,85863
P,3626bpr0232,3626b
P,30363pr0007,30363
P,30363pr0009,30363
P,2431pr0037,2431
P,10509pr0005,10509
P,3068bpr0087,3068b
P,41748pr0003,41748
P,98072pr0005,98072
B,973p43,973c03h01pr0043
P,3437pr0050,3437
P,47753pr0020,47753
P,41671pr0004,41671
P,98374pr0002,98374
P,3011pr9993,3011
P,649pr0010,649
P,3009pr0053,3009
P,3068bpr0446,3068b
A,54093,93541
R,20691pr0004,21042pr0001
P,3626bpr0892,3626b
P,11818pr0006,11818
R,3582,3581
R,87750,87748pr0002
P,3626cpr9854,3626c
P,973c22h03pr1902,973c22h03
R,upn0059,35011
P,3626bpr0304,3626b
M,13971,56902
T,53988pat0002,53988
P,970c00pr0764,970c00
P,11203pr0132,11203
R,4231,fabupn0040
P,14769pr1222,14769
P,3003pr0050,3003
P,30165pr0005,30165
P,3068bpr9728,3068b
P,3068bpr9727,3068b
P,3068bpr9726,3068b
P,970c00pr0217,970c00
P,3947bpr0001,3947b
P,32474pr0001,32474
P,970c00pr0015,970c00
P,3626bpr0357,3626b
P,3005pr9973,3005
P,30603pr0008,30603
P,72326pr0004,72326
P,3626bpr0021,3626b
P,2587pr0035,2587
P,6213pr0005,6213
P,upn0228pr0008,upn0228
P,3009pr0015,3009
P,85984pr0028,85984
P,2456pr0002,2456
P,3626cpr0965,3626c
P,2466pr0002,2466
P,3960pr0012,3960
P,3011pr9992,3011
A,36113,99464
P,3626bpr0495,3626b
M,30367c,30367b
R,34721b,34721a
P,85863pr0043,85863
P,85863pr0044,85863
P,85863pr0045,85863
P,85863pr0046,85863
P,85863pr0047,85863
P,85863pr0048,85863
P,85863pr0049,85863
P,85863pr0050,85863
P,85863pr0051,85863
P,85863pr0052,85863
P,85863pr0053,85863
P,85863pr0054,85863
P,85863pr0055,85863
P,85863pr0057,85863
P,85863pr0058,85863
P,85863pr0059,85863
P,85863pr0060,85863
P,85863pr0061,85863
P,85863pr0062,85863
P,85863pr0063,85863
P,85863pr0064,85863
P,85863pr0065,85863
P,85863pr0066,85863
P,85863pr0067,85863
P,6131pr0003,6131
P,87079pr0018,87079
P,4864bpr0006,4864b
P,49308pr0001,49308
P,3068bpr0237,3068b
P,41747pr0011,41747
P,15504pr0001,15504
P,14769pr1125,14769
P,3245cpr9996,3245c
P,3626bpr0833,3626b
P,4066pr0149,4066
T,11302pat0004,11302
P,3626cpr0009,3626c
M,3034a,3034
P,59231pr0001,59231
P,3298pr0035,3298
R,20691pr0001,20690pr0001
P,11575pr0003,11575
P,3626cpr2013,3626c
P,3626cpr1618,3626c
P,10509pr0001,10509
P,970c00pr1788,970c00
P,3587pr0002,3587
P,3626cpr1595,3626c
P,90462pr0002,90462
R,3187,3186
P,3626cpr1604,3626c
R,20691pr0002,20690pr0001
P,54092c01pr0002,54092c01
P,9213pr0001,9213
P,4150pr0005,4150
P,3943bpr0001,3943b
P,3068bpr0176,3068b
P,47753pr0003,47753
P,3626bpr0043,3626b
P,3011pr0020,3011
P,3846pr0005,3846
P,14769pr1018,14769
P,3005pr9995,3005
P,3009pr0037,3009
P,36113pr0001,36113
P,47472pr0001,47472
P,6069pr0004,6069
P,89140pr0002,89140
B,36512b,36512c01
P,3626cpr1251,3626c
R,23715b,23715a
P,3626cpr3160,3626c
P,4744pr0047,4744
P,3008apr0003,3008a
P,973c27h01pr2084,973c27h01
P,3298pr0008,3298
P,3298pr0009,3298
P,30380pr0001,30380
P,3626cpr9833,3626c
R,3829a,3828
P,50995pr0004,50995
P,3626cpr2984,3626c
P,6309pr0130,6309
P,85863pr0068,85863
P,3003pr0016,3003
P,85863pr0069,85863
P,85863pr0070,85863
P,85863pr0071,85863
P,85863pr0072,85863
P,85863pr0073,85863
P,3024pr0001,3024
P,85863pr0074,85863
P,87079pr0025,87079
P,85863pr0075,85863
P,3626bpr0286,3626b
P,85863pr0076,85863
P,85863pr0077,85863
P,85863pr0078,85863
P,3626apr0004,3626a
P,85863pr0079,85863
P,90639pr0014,90639
P,3069bpr0202,3069b
A,92339,4093
P,85863pr0080,85863
P,3626cpr1101,3626c
P,85863pr0081,85863
P,85863pr0082,85863
P,85863pr0083,85863
P,85863pr0084,85863
P,85863pr0085,85863
P,85863pr0086,85863
P,85863pr0087,85863
P,970c00pr0291,970c00
P,85863pr0088,85863
P,85863pr0089,85863
P,85863pr0090,85863
P,85863pr0091,85863
P,85863pr0092,85863
P,973c27h01pr0079,973c27h01
P,973c27h01pr0077,973c27h01
P,973c27h01pr0037,973c27h01
P,973c27h01pr0003,973c27h01
P,973c27h01pr0046,973c27h01
P,973c27h01pr0061,973c27h01
P,3626bpr0330,3626b
P,30366pr0008,30366
P,3068bpr0102,3068b
P,2431pr0038,2431
P,3626bpr0349,3626b
P,10509pr0003,10509
P,41671pr0005,41671
P,3626bpr0562,3626b
T,16768pat0001,16768
P,98342pr0001,98342
P,3069bpr0097,3069b
P,3960pr0020,3960
P,3005pr9954,3005
P,3626bpr1029,3626b
P,57895pr0007,57895
P,54092c01pr0001,54092c01
P,970c00pr0485,970c00
P,30163c01pr0001,30163c01
P,6179pr0006,6179
P,3245cpr9995,3245c
P,3596pr0003,3596
P,50944pr0002,50944
P,98072pr0006,98072
M,713a,713
P,40380c01pr0003,40380c01
R,3822,3821
P,4066pr0213,4066
P,3626bpr0647,3626b
P,3003pr1002,3003
R,20691pr0003,20690pr0001
A,61254,3483
P,21019c00pat013pr1820,21019c00pat013
P,30649pr0003,30649
P,21019c00pat002pr1825,21019c00pat002
P,3626bpr0579,3626b
P,3626bpr0265,3626b
P,4066pr0188,4066
P,85863pr0093,85863
P,85863pr0094,85863
P,15554pr0001,15554
P,85863pr0099,85863
P,85863pr0101,85863
P,85863pr0102,85863
P,85863pr0103,85863
P,85863pr0108,85863
P,85863pr0110,85863
P,30374pr0001,30374
P,3003pr0023,3003
P,85863pr0111,85863
P,85863pr0113,85863
P,85863pr0114,85863
P,85863pr0115,85863
P,85863pr0116,85863
P,85863pr0117,85863
A,38190,37046
P,85863pr0118,85863
P,85863pr0119,85863
P,85863pr0120,85863
P,85863pr0121,85863
P,30102pr0002,30102
P,85863pr0122,85863
P,85863pr0123,85863
P,85863pr0124,85863
P,85863pr0125,85863
P,85863pr0126,85863
P,85863pr0127,85863
P,85863pr0128,85863
P,85863pr0129,85863
P,85863pr0130,85863
P,970c00pr0252,970c00
B,34721b,34721c01
P,3245apr0002,3245a
P,3298pr0007,3298
P,973pr9,3814
P,3626cpr2015,3626c
P,13336pr0004,13336
R,87750,87748pr0003
P,26831pr0004,26831
P,30250pr0002,30250
P,21562pr0003,21562
P,3626bpr0319,3626b
P,90640pr0040,90640
P,48494pr0005,48494
P,90639pr0007,90639
P,2431pr0021,2431
P,973c02h02pr2018,973c02h02
P,3069bpr0230,3069b
B,98138pr0214,77485
M,60902,74699
P,3626cpr1217,3626c
P,4066pr0082,4066
P,21560pr0005,21560
P,21560pr0015,21560
P,3626bpr0132,3626b
P,3626bpr0248,3626b
P,3068bpr0115,3068b
P,3626cpr0548,3626c
P,970c00pr0402,970c00
P,98072pr0001,98072
P,16530c01pr0001,16530
P,87997pr0003,87997
P,upn0228pr0001,upn0228
R,20691pr0004,20690pr0001
P,2440pr0002,2440
P,3626bpr0641,3626b
P,3626cpr0010,3626c
P,51035pr0002,51035
P,970c00pr1283,970c00
P,3005pr9976,3005
P,3626cpr2021,3626c
A,3006b,3006
P,14769pr1056,14769
R,713a,712a
A,60623,60621
A,60623,76041c02
P,3068bpr0240,3068b
P,95224pr0001,95224
P,970c00pr0054,970c00
A,60623,76041c03
P,3195pr0002,3195
P,3001pr0007,3001
P,10509pr0004,10509
P,973c27h01pr0062,973c27h01
P,85863pr0132,85863
P,3626bpr0340,3626b
P,3009pr0049,3009
P,89140pr0003,89140
R,3189,3188
P,85863pr0133,85863
P,3626bpr0250,3626b
P,3626bpr0348,3626b
P,970c00pr0011,970c00
P,3626bpr0437,3626b
A,60623,60797c01
B,98138pr0217,77485
P,4066pr0177,4066
P,3626bpr0551,3626b
P,4150pr0044,4150
P,3626bpr0632,3626b
P,3626bpr0676,3626b
P,3626cpr0747,3626c
P,3626cpr0982,3626c
P,3626cpr1009,3626c
P,3626cpr1116,3626c
P,3626apr0007,3626a
P,3626cpr1121,3626c
P,3626cpr1124,3626c
P,3626cpr1126,3626c
P,65405pr0001,65405
P,3626cpr1141,3626c
P,3626cpr1147,3626c
P,98138pr0075,98138
P,3626cpr1203,3626c
P,970c00pr0037,970c00
P,3626cpr1226,3626c
P,3626cpr1229,3626c
P,3626cpr2406,3626c
P,4744pr0002,4744
P,3626cpr1231,3626c
P,3626cpr1235,3626c
P,3626cpr1237,3626c
P,3626cpr1240,3626c
P,3626cpr2459,3626c
P,3626cpr1244,3626c
P,4066pr0109,4066
P,3626cpr1246,3626c
P,3626cpr1282,3626c
P,3626cpr1470,3626c
R,47398,47397
P,3626cpr1297,3626c
P,3626cpr1300,3626c
P,3626cpr1301,3626c
P,3626cpr1303,3626c
P,3039pr0014,3039
P,3626cpr1306,3626c
P,3626cpr1310,3626c
P,3626cpr1311,3626c
P,3626cpr1313,3626c
P,3626cpr1316,3626c
P,66858pr0003,66858
P,4744pr0018,4744
P,3626cpr1318,3626c
P,3626cpr1322,3626c
P,3010pr9963,3010
A,brickslot2x2b,3003
P,3005pr9923,3005
P,30650pr0003,30650
P,4215apr0014,4215a
P,3626bpr0720,3626b
P,49309pr0001,49309
P,26831pr0005,26831
P,90639pr0010,90639
A,60623,76041c01
R,3024pr0003,3024pr0004
P,36036pr0017,36036
P,3626cpr9831,3626c
P,11477pr0010,11477
P,10178pr0002,10178
P,3626cpr2014,3626c
P,16530c01pr0002,16530
P,30602pr0036,30602
P,85984pr0027,85984
P,40249pr0001,40249
P,3069bpr0027,3069b
R,713,712
P,95228pr0002,95228
P,2300pr0006,2300
P,3623pr0027,3623
P,11477pr0011,11477
P,42861pr0001,42861
P,3626bpr0629,3626b
P,32533pr0334,32533
P,37364pr0001,37364
P,3626cpr9830,3626c
P,973c02h02pr0019,973c02h02
P,3626bpr0411,3626b
P,3068bpr0218,3068b
P,3626cpr1204,3626c
P,2586pr0009,2586
P,3626bpr0696,3626b
P,3068bpr0222,3068b
P,3069bpr0024,3069b
P,3626bpr0766,3626b
P,6216pr0001,6216
P,970c00pr0748,970c00
P,3626cpr1559,3626c
P,11640pr0003,11640
P,3068bpr0223,3068b
P,3068bpr0549,3068b
P,92817c01pr0002,92817
P,3068bpr0221,3068b
P,3068bpr0220,3068b
P,98072pr0002,98072
P,3960pr0035,3960
P,3626cpr3206,3626c
P,98138pr0159,98138
P,21019c00pat004pr0002,21019c00pat004
P,3068bpr9725,3068b
M,92263,3188
P,3626cpr1337,3626c
P,973c19h19pr2101,973c19h19
R,scalaupn0089,6940
R,88323,42529
P,2362apr0001,2362a
P,3626cpr1370,3626c
P,3004pr9970,3004
P,3626cpr1372,3626c
P,3626cpr1373,3626c
P,970c00pr1873,970c00
P,3626cpr9828,3626c
P,3626cpr1471,3626c
P,3068bpr0010,3068b
P,970c00pr1875,970c00
M,6223,3003
P,3068bpr0011,3068b
P,3068bpr0012,3068b
P,3846pr0022,3846
P,98138pr0160,98138
P,3068bpr0138,3068b
P,3068bpr0166,3068b
P,3068bpr0224,3068b
P,3068bpr0228,3068b
P,3068bpr0229,3068b
P,973ph7,3814
P,973pb0195,3814
P,4088pr0004,4088
P,87079pr0005,87079
P,87079pr0046,87079
P,87079pr0056,87079
P,87079pr0058,87079
P,3960pr9998,3960
P,87079pr0059,87079
P,3626cpr1196,3626c
P,87079pr0062,87079
P,98138pr0015,98138
P,970c00pr9922,970c00
P,98138pr0016,98138
P,98138pr0017,98138
P,98138pr0018,98138
P,98138pr0019,98138
P,98138pr0020,98138
P,98138pr0021,98138
P,3069bpr0045,3069b
P,41854pr0015,41854
R,42716,55978
R,42716,55976
P,970c00pr0258,970c00
P,40373pr0004,40373
R,42716,53992
P,3626bpr1045,3626b
P,3626bpr0757,3626b
P,90639pr0009,90639
P,970c00pr0711,970c00
P,2446pr0044,2446
A,2878c02,2878c01
P,3062bpr0028,3062b
T,61406pat0001,61406
A,53401,74746
A,973c13h13pr4006,973c13h13pr3094
P,10509pr0002,10509
P,3297pr0024,3297
P,3009pr0001,3009
P,30602pr0020,30602
R,713b,712b
P,60603pr6006,60603
P,973c02h02pr0337,973c02h02
P,6309pr0075,6309
P,3068bpr0081,3068b
P,4536pr0002,4536
P,3068bpr0134,3068b
P,98068pr0001,98068
A,60623,76041c04
P,3626bpr0742,3626b
P,973pas,3814
P,6216pr0003,6216
P,973p82,3814
P,3626cpr1648,3626c
R,13760,13756
M,17979,51000
M,92262,3189
P,3626bpr0354,3626b
P,3069bpr0238,3069b
P,92817c01pr0001,92817
P,3626cpr2028,3626c
P,3005pr9930,3005
P,20401pr0001,20401
P,3245bpr0003,3245b
P,14769pr1029,14769
R,122c02,4288
R,4600,4624
R,87750,87748pr0004
P,31110pr0072,31110
P,3626cpr1818,3626c
P,98138pr0038,98138
P,3068bpr0548,3068b
R,3464,2415
P,30261pr0006,30261
P,3626cpr1872,3626c
M,19482,26674
P,28621pr3139,28621
P,3069bpr0248,3069b
P,3068bpr0031,3068b
P,28621pr3166,28621
M,28621pr3166,3626cpr3166
P,4215bpr0003,4215b
P,3626cpr2024,3626c
P,21019c00pat004pr1824,21019c00pat004
P,3626bpr0151,3626b
P,3626bpr0167,3626b
P,4515pr0002,4515
P,98138pr0023,98138
P,3626cpr2007,3626c
P,3039pr9972,3039
P,3626cpr2032,3626c
P,3626cpr2025,3626c
P,3626cpr2020,3626c
P,3626cpr2023,3626c
P,3626cpr2026,3626c
P,3626cpr2008,3626c
P,3626cpr2017,3626c
P,3626cpr2030,3626c
P,3626bpr0217,3626b
P,3626cpr2031,3626c
P,2654pr0019,2654
P,970c00pr1117,970c00
P,3005pr9893,3005
M,33bc02,33bc01
P,3626cpr9782,3626c
P,3626bpr1096,3626b
P,970c00pr1110,970c00
A,15450,2222
P,3068bpr9864,3068b
M,468c02,468c03
P,3005pr9987,3005
P,10113pr0003,10113
P,3626cpr2018,3626c
P,93070pr0002,93070
P,970c00pr0049,970c00
P,3005pr9938,3005
P,3626bpr9979,3626b
P,3626bpr0320,3626b
P,4066pr0239,4066
P,3009pr0019,3009
P,2431pr0065,2431
P,2587pr0022,2587
T,61406pat0002,61406
A,53400,74747
P,3960pr0001,3960
T,85959pat0007,85959
P,98835pr0003,98835
P,47471pr0001,47471
P,3068bpr0003,3068b
P,3626cpr0525,3626c
P,3626bpr0541,3626b
P,973pb1227,3814
P,47753pr0018,47753
P,3068bpr0266,3068b
R,92755pr0001,92754pr0001
P,3626cpr0792,3626c
P,6251pr0004,6251
M,14137,30407
P,4066pr0203,4066
P,45706pr0001,45706
P,32533pr0132,32533
P,30603pr0010,30603
P,12895pr0001,12895
R,92263,92262
M,86208,3959
A,19001,90109
P,3626bpr0337,3626b
P,41854pr0013,41854
P,3298pr0043,3298
P,3622pr0008,3622
P,3005pr9933,3005
R,89648,89649
P,3068bpr0400,3068b
A,50373,2399
P,2528pr0006,2528
P,66565pr0007,66565
P,16925c01pr0005,16925
P,3626cpr1299,3626c
P,32533pr0184,32533
P,4066pr0141,4066
P,6309pr0128,6309
R,40244,40243
P,3437pr0017,3437
P,3010pr9944,3010
P,3005pr9971,3005
P,66565pr0008,66565
A,60623,60797c03
P,3068bpr9724,3068b
M,59426,32209
P,98153pr0001,98153
M,28621pr3139,3626cpr3139
P,3068bpr0028,3068b
P,41748pr0001,41748
P,3070bpr0146,3070b
P,3626bpr0727,3626b
P,42060pr0004,42060
P,970c00pr0044,970c00
T,61406pat0004,61406
P,3004pr9964,3004
P,3297pr0010,3297
M,28621pr3140,3626cpr3140
P,6256pr0002,6256
A,57878,2879
P,2587pr0021,2587
P,2446pr0054,2446
R,30116pr0002,30116pr0001
R,4181pr0002,4182pr0002
P,970c00pr0287,970c00
P,32533pr0125,32533
P,32533pr0117,32533
P,3626bpr0068,3626b
P,66565pr0009,66565
P,649pr0012,649
P,3068bpr0127,3068b
P,3068bpr0209,3068b
P,3626bpr0576,3626b
P,3626bpr0327,3626b
P,3626cpr1207,3626c
P,42022pr0002,42022
P,60581pr0021,60581
P,3069bpr0005,3069b
P,3626bpr0928,3626b
P,11269pr0002,11269
P,24593pr0005,24593
P,3626cpr1609,3626c
B,upn0172,468c03
M,60700,6015
P,3005pr0063,3005
P,3846pr0024,3846
A,98834pr0003,98834pr0002
P,98138pr0125,98138
P,970c00pr0061,970c00
P,3626cpr1588,3626c
P,32533pr0265,32533
P,3623pr0008,3623
P,3678bpr0027,3678b
R,87750,87748pr0005
P,3664pr0021,3664
P,3003pr0008,3003
P,3068bpr0274,3068b
M,3626bpr0525,3626cpr0525
P,4744pr0009,4744
P,2525pr0002,2525
P,98153pr0002,98153
P,2587pr0005,2587
P,32533pr0361,32533
P,12610pr0001,12610
P,11055pr0009,11055
P,2431pr0061,2431
P,3626cpr0760,3626c
P,3069bpr0008,3069b
P,4066pr0183,4066
P,3069bpr0009,3069b
P,3069bpr0134,3069b
P,3069bpr0136,3069b
P,50747pr0008,50747
P,30145pr0002,30145
P,upn0244pr0005,upn0244
P,3846pr0036,3846
P,30626pr0002,30626
P,3626bpr0131,3626b
P,3626bpr0154,3626b
P,98603s02pr0007,98603
T,61406pat0005,61406
P,970c00pr0024,970c00
P,10051pr0001,10051
R,13206pr0001,11429pr0001
P,2586pr0026,2586
P,32533pr0416,32533
P,4066pr0220,4066
P,3622pr0064,3622
P,26393pr0006,26393
P,14769pr9992,14769
P,32533pr0565,32533
A,dupupn0029c01,dupupn0029c02
B,98138pr0218,77485
P,98223pr0006,98223
P,973c27h01pr0064,973c27h01
P,970x023pr0001,970x023
P,3070bpr0171,3070b
P,14769pr1058,14769
P,14769pr1070,14769
P,973c27h01pr0065,973c27h01
P,14769pr1060,14769
P,31111pr0022,31111
P,3005pr9900,3005
P,4066pr0208,4066
P,973c27h01pr0024,973c27h01
P,3626cpr1476,3626c
P,4515pr0004,4515
P,4066pr0125,4066
P,3069bpr0112,3069b
P,3040bpr0008,3040b
P,3039pr9985,3039
P,2587pr0011,2587
R,2493a,2494
P,87990pr0001,87990
P,3068bpr0098,3068b
P,3298pr0004,3298
P,3626bpr0105,3626b
M,11055,2335
P,30225pr0001,30225
P,3626bpr0906,3626b
P,4744pr0011,4744
P,3626bpr1056,3626b
A,38190,13276
P,89140pr0004,89140
P,973c27h01pr0018,973c27h01
P,973c27h01pr0168,973c27h01
P,973c27h01pr0111,973c27h01
P,50990apr0002,50990a
P,3626cpr1068,3626c
R,87750,87748pr0006
P,3009apr0021,3009a
P,3008apr0022,3008a
P,3626cpr1643,3626c
P,3626cpr1645,3626c
P,6069pr0007,6069
P,3626cpr1647,3626c
M,87697,6015
P,3005pr9979,3005
P,973pb0747,3814
P,98342pr0005,98342
P,3068bpr0275,3068b
P,98344pr0003,98344
A,60623,60797c02
A,60623,60797c04
P,3005pr9986,3005
P,2431pr0062,2431
P,50747pr0009,50747
P,98603s02pr0005,98603
M,30151a,30151
P,14769pr1143,14769
P,51675pr0002,51675
P,973c01h01pr9824,973c01h01
P,3068bpr0358,3068b
P,28621pr3140,28621
P,89140pr0005,89140
P,2431pr0084,2431
P,98138pr0089,98138
P,3626bpr0333,3626b
P,3626bpr0873,3626b
R,47973,44302a
P,98138pr0139,98138
P,4066pr0267,4066
P,2586pr0019,2586
P,3009apr0005,3009a
P,20601pr0001,20601
P,3626cpr1557,3626c
B,2878,2878c01
P,30231pr0001,30231
P,4744pr0037,4744
P,3626cpr1760,3626c
P,3626cpr1558,3626c
P,6309pr0127,6309
P,3010pr9978,3010
P,3626bpr0004,3626b
P,3039pr0004,3039
P,4066pr0221,4066
B,2878,2878c02
P,32533pr0382,32533
P,13565pr0001,13565
P,98138pr0028,98138
R,7039,7049a
R,7039,7049b
P,2431pr0042,2431
P,2587pr0018,2587
P,18983pr0001,18983
R,2421,4488
R,3640,3639
P,3009pr0047,3009
A,dupupn0029c03,dupupn0029c02
P,85974pr0001,85974
P,upn0103pr0001,upn0103
R,2493b,2494
P,3009apr0006,3009a
P,3626bpr0444,3626b
P,3626bpr0902,3626b
P,32533pr0468,32533
P,32533pr0543,32533
P,32533pr0536,32533
P,3626bpr0099,3626b
P,3626bpr1021,3626b
P,3626bpr1170,3626b
B,973p0b,973c27h01pr0015
R,70961,2989
P,2513pr0001,2513
P,32533pr0646,32533
P,3626cpr0861,3626c
P,3068bpr9723,3068b
P,4744pr0012,4744
P,3008apr0019,3008a
R,60642c01,60639c01
P,1022Apr0131,1022A
P,3069bpr0140,3069b
P,98344pr0002,98344
P,13744pr0001,13744
P,3623pr0010,3623
P,2446pr0024,2446
P,2654pr0006,2654
T,54821pat0002,54821
P,3623pr0009,3623
P,3622pr9997,3622
P,1022Apr0132,1022A
P,973pb0941,3814
P,98603s02pr0002,98603
P,2528pr0007,2528
M,30151b,30151
P,3623pr9999,3623
P,3626cpr9844,3626c
P,973pb0170,3814
P,10312pr0001,10312
P,973pb0307,3814
P,32533pr0314,32533
P,3626bpr0725,3626b
P,30166pr0001,30166
P,15875c01pr0001,15875
P,1022Apr0133,1022A
P,973pb0362,3814
T,53562pat0001,53562
P,32474pr1009,32474
P,3626bpr0238,3626b
P,3069bpr9989,3069b
P,973c27h01pr1995,973c27h01
P,2525pr0004,2525
R,44301a,44302a
P,1022Apr0134,1022A
P,1022Apr0135,1022A
P,3811pr0004,3811
P,970x027pr0002,970x027
P,24093pr0001,24093
P,4066pr0247,4066
P,3626bpr0281,3626b
P,2431pr0075,2431
P,97000pr0001,97000
R,7039b,7049a
R,7039b,7049b
R,24093pr0001,24324
P,3069bpr0159,3069b
P,3008pr0040,3008
A,43045,98286
P,3039pr0114,3039
P,10bpr0006,10b
P,32533pr0429,32533
A,57051,70720
R,4868a,4869
R,3597,3639
P,3009apr0007,3009a
P,upn0103pr0002,upn0103
P,970c00pr0472,970c00
R,70962,2991
P,69934pr0003,69934
P,3008pr0013,3008
P,3069bpr0314,3069b
P,3626cpr0813,3626c
R,25386,33078
P,3626cpr1982,3626c
P,3626cpr1954,3626c
P,3068bpr9722,3068b
P,970c00pr1076,970c00
P,970c00pr1103,970c00
P,3626cpr1111,3626c
P,69934pr0004,69934
P,3626cpr1999,3626c
P,970c00pr1101,970c00
P,970c00pr1100,970c00
P,3626cpr1997,3626c
P,3626cpr1998,3626c
P,19729pr0037,19729
A,69819,41678
P,3005pr9967,3005
P,32533pr0279,32533
P,3626bpr0490,3626b
P,3070bpr0130,3070b
P,3960pr0008,3960
P,3626bpr0887,3626b
P,3297pr0026,3297
P,3068bpr0107,3068b
M,3049d,3049c
P,3626bpr0754,3626b
P,3068bpr0157,3068b
P,3960pr9980,3960
P,3070bpr0242,3070b
P,3678bpr0008,3678b
P,3626cpr9890,3626c
P,3626bpr0570,3626b
P,30647pr0004,30647
P,16925c01pr0143,16925
P,16925c01pr0144,16925
P,98344pr0001,98344
P,3622pr0010,3622
P,3622pr0009,3622
P,13744pr0002,13744
P,87613pr0001,87613
P,3626bpr0707,3626b
P,11055pr0005,11055
A,60623,60616b
P,973c35h01pr1994,973c35h01
P,973pr0,3814
P,3626bpr0492,3626b
P,98603s02pr0004,98603
A,3009a,3009
P,970c00pr0189,970c00
P,98603s02pr0006,98603
P,30151bpr0002,30151b
P,3069bpr0113,3069b
T,44359pat0002,44359
T,53562pat0002,53562
P,970x028pr0003,970x028
P,32533pr0212,32533
P,90541pr0001,90541
P,3626bpr9994,3626b
P,2456pr0001,2456
P,970c00pr0407,970c00
P,2494pr0001,2494
R,44301b,44302a
P,98138pr0088,98138
P,2384pr0004,2384
P,3002apr0008,3002a
P,3626cpr2387,3626c
P,6881pr0001,6881a
P,75902pr0028,75902
P,36036pr0001,36036
P,6180pr0010,6180
P,32533pr0357,32533
A,970c00pr1867,970c00pr1865
P,45409pr0001,45409
P,4066pr0266,4066
P,3626cpr1179,3626c
P,98496pr0003,98496
P,18832pr0001,18832
P,48494pr0002,48494
P,3626cpr1010,3626c
R,7039c,7049a
R,7039c,7049b
R,upn0383a,458
T,16709pat0001,16709
P,18827pr0001,18827
R,4868b,4869
R,3640,3315
P,3626bpr0298,3626b
R,3597,3315
P,3846pr0006,3846
P,3297pr0013,3297
P,3069bpr0150,3069b
P,4162pr0037,4162
P,970c00pr0530,970c00
P,3005pr0013,3005
P,3626bpr0817,3626b
P,88646pr0001,88646
P,93273pr0001,93273
T,21019c00pat006,21019c00
P,3068bpr0009,3068b
T,21019c00pat005,21019c00
R,18590,18585
R,2231,2230
P,3297pr0007,3297
P,2586pr0002,2586
P,2335pr0015,2335
R,46304,87555
R,30501,30502
T,47326pat0001,47326
M,18352,40001
B,2550,2550c01
R,85207pb01,85054pb01
P,970c00pr0203,970c00
P,3040bpr0009,3040b
P,2723pr0005,2723
P,2446pr0052,2446
P,3626bpr0721,3626b
P,3068bpr0141,3068b
A,97489,37046
P,89140pr0006,89140
P,3626bpr0467,3626b
P,3626cpr0921,3626c
P,24093pr0006,24093
B,20286a,20286c01
P,3023pr0001,3023
P,4744pr0032,4744
P,93606pr0001,93606
P,3626bpr0667,3626b
R,2468pr0001,2468pr0002
P,3009apr0011,3009a
P,3626bpr0944,3626b
P,96204pr0001,96204
P,3008apr0011,3008a
P,33009pr0007,33009
P,6474pr9978,6474
M,3067,3009a
P,4162pr0005,4162
P,6309pr0132,6309
P,3009pr0040,3009
P,970c00pr1512,970c00
P,98069pr0001,98069
P,2300pr0004,2300
R,47973,47508
R,44301a,47508
P,30230pr0001,30230
P,98343pr0002,98343
P,3626bpr0315,3626b
P,3068bpr0029,3068b
R,242c01,7049a
R,242c01,7049b
P,11055pr0007,11055
P,4150pr0038,4150
P,3626bpr0077,3626b
P,75902pr0029,75902
R,3480,3481
P,21560pr0019,21560
P,11055pr0004,11055
P,upn0103pr0003,upn0103
P,11055pr0006,11055
P,973pb1273,3814
P,973pb0278,3814
P,85984pr0011,85984
P,98603s01pr0006,98603
P,3068bpr0239,3068b
P,3626bpr0212,3626b
T,11459pat0001,11459
A,60623,60616a
P,3008pr0011,3008
T,85959pat0001,85959
P,970c00pr1102,970c00
B,2879,70720c01
P,3626bpr1088,3626b
P,30182pr0001,30182
P,3068bpr0362,3068b
P,970x028pr0004,970x028
P,32533pr0159,32533
P,30292pr9999,30292
P,3626cpr2000,3626c
P,3004pr9956,3004
R,46304,2446
P,3038pr0002,3038
T,47326pat0002,47326
R,85207pb01,87959pr0001
P,45462pr0001,45462
P,3626cpr2006,3626c
P,4215apr0015,4215a
P,3068bpr0486,3068b
P,970c00pr0357,970c00
P,47753pr0001,47753
P,2446pr0048,2446
P,970c00pr0343,970c00
P,3070bpr0143,3070b
P,30144pr0025,30144
P,3004pr9966,3004
P,3626cpr0911,3626c
P,2446pr0026,2446
P,50747pr0007,50747
P,4864bpr0016,4864b
T,11459pat0002,11459
P,3245cpr0003,3245c
P,3001apr0003,3001a
P,4444pr0007,4444
P,11691pr0003,11691
M,59895,3139
R,14518,87587
P,3626bpr0475,3626b
P,50995pr0003,50995
M,73590c02a,73590c01a
P,1022Apr0144,1022A
P,3068bpr0005,3068b
A,3861b,3861a
T,11439pat0001,11439
P,973pb0915,3814
P,3626cpr1990,3626c
R,7039,3634
A,dupupn0029c03,dupupn0029c01
P,31165pr0001,31165
P,2525pr0009,2525
P,3626bpr0190,3626b
P,3003pr0119,3003
R,3461,3481
A,4460b,4460a
P,21019x026pat01pr9999,21019x026pat01
P,98343pr0003,98343
P,98343pr0001,98343
B,3814,973c00
P,6881pr0001,6881b
P,98603s01pr0009,98603
P,3005pr9962,3005
P,3665pr0001,3665
P,3626cpr1974,3626c
P,3003pr0034,3003
P,3001pr0039,3001
P,970c00pr0191,970c00
P,3626cpr9909,3626c
P,30367cpr1012,30367c
P,973c35h01pr9999,973c35h01
P,1022Apr0149,1022A
P,3626bpr0790,3626b
P,45677pr0003,45677
P,650pr0001,650
T,47326pat0003,47326
R,85054pb01,87959pr0001
P,1022Apr0151,1022A
P,4066pr0001,4066
P,30350bpr0008,30350b
P,3626bpr0565,3626b
P,3069bpr0117,3069b
P,970c00pr0947,970c00
P,3626bpr0203,3626b
R,30174pr0001,970x154pr0757
P,970c00pr1096,970c00
P,4515pr0005,4515
P,3068bpr0144,3068b
P,65474pr0007,65474
P,3003pr0051,3003
P,76371pr9995,76371
P,14769pr1033,14769
P,14769pr1035,14769
P,3008apr0004,3008a
P,3068bpr0375,3068b
P,970c00pr0334,970c00
P,3664pr0027,3664
P,970c00pr0978,970c00
P,3068bpr0022,3068b
P,3003pr0053,3003
P,37352pr0008,37352
P,4066pr0178,4066
M,3023a,3023
P,3070bpr0029,3070b
P,3626apr0001,3626a
P,51725pr0005,51725
P,44375bpr0009,44375b
P,3626cpr0960,3626c
P,3008apr0012,3008a
P,3626cpr1644,3626c
P,22385pr0132,22385
P,973pb0126,3814
P,3626cpr1646,3626c
P,3001pr0001,3001
R,44301b,47508
P,3010pr9933,3010
P,2587pr0027,2587
M,93789,4497
T,11439pat0002,11439
A,970c00pr1865,970c00pr1866
R,7039b,3634
R,3480,3462
R,3461,3462
R,upn0059,35199
P,2446pr0020,2446
M,73590c03a,73590c01a
P,970c00pr0027,970c00
R,14518,19551pr0001
P,11691pr0002,11691
P,26603pr0057,26603
R,16873pr0001,16875pr0001
P,3626bpr0321,3626b
P,970x005pr0147,970x005
P,87748pr0005,87748
T,87812pat0002,87812
P,59231pr0002,59231
P,970c00pr0180,970c00
P,3626bpr0260,3626b
B,70720,70720c01
P,3626bpr9959,3626b
P,970c00pr0036,970c00
P,30601pr0002,30601
P,4066pr0252,4066
P,3068bpr9721,3068b
P,65196pr0008,65196
P,66792pr0142,66792
P,4066pr0120,4066
P,3068bpr0316,3068b
P,4346pr0010,4346
P,3068bpr0277,3068b
P,3068bpr0308,3068b
P,3068bpr0283,3068b
A,970c00pr1867,970c00pr1866
P,3068bpr0284,3068b
P,3068bpr0285,3068b
P,3068bpr0288,3068b
P,3068bpr0307,3068b
P,3010pr9960,3010
P,3626bpr1019,3626b
A,30022,3145
M,18041,57467
P,973c01h01pr2013,973c01h01
R,3854,3853
P,24093pr0005,24093
P,17979pr0001,17979
P,3626cpr1785,3626c
P,649pr0001,649
P,3070bpr0156,3070b
P,3070bpr0144,3070b
P,3626cpr1205,3626c
P,970x001pr0939,970x001
P,3003pr0121,3003
A,97489,13276
P,970c00pr1920,970c00
P,15875c01pr0011,15875
P,3068bpr0296,3068b
P,3070bpr0239,3070b
A,25214,71076
P,3626bpr0409,3626b
P,22385pr0010,22385
P,98225pr0005,98225
P,3068bpr0317,3068b
P,739pr0001,739
P,51704pr0001,51704
P,3070bpr0253,3070b
P,4066pr0195,4066
P,2431pr0025,2431
P,3070bpr0255,3070b
P,41854pr0009,41854
P,41747pr0004,41747
P,4066pr0150,4066
P,4150pr0014,4150
P,3626cpr1739,3626c
P,3626cpr1135,3626c
P,upn0228pr0006,upn0228
P,41747pr0013,41747
P,3041pr0001,3041
A,98128,30175
P,3626bpr0942,3626b
P,41748pr0017,41748
P,3070bpr0254,3070b
P,11269pr0003,11269
P,4150pr0018,4150
P,3009apr0017,3009a
P,970c00pr0746,970c00
P,3626cpr1532,3626c
P,3626cpr1531,3626c
P,970c00pr1691,970c00
M,772,3245c
P,2418bpr0001,2418b
P,3297pr0006,3297
A,3009b,3009
P,970c00pr2119,970c00
T,11439pat0003,11439
R,7039c,3634
P,30174pr0001,30174
A,3737b,3737
P,14769pr0017,14769
P,3626cpr2407,3626c
P,973pb0730,3814
P,30156pr0001,30156
T,87812pat0003,87812
P,970x021pr1868,970x021
P,3068bpr0401,3068b
P,970c00pr2120,970c00
P,3009pr0020,3009
P,3626cpr2408,3626c
P,2449pr0001,2449
P,3626cpr3174,3626c
P,3626cpr3177,3626c
P,6175pr0001,6175
P,14pr0007,14
P,3626cpr2001,3626c
A,85861,6141
P,4066pr0128,4066
P,970x027pr0001,970x027
P,3622pr9996,3622
P,24093pr0003,24093
P,970c00pr2144,970c00
P,98138pr0051,98138
P,3626bpr0147,3626b
P,3297pr0025,3297
P,3010pr9951,3010
P,3626cpr1120,3626c
P,4150pr9009,4150
P,3626cpr3178,3626c
P,3626bpr0161,3626b
P,3068bpr0185,3068b
P,3626bpr1164,3626b
P,4864apr0012,4864a
P,3626cpr2117,3626c
P,973c27h01pr2011,973c27h01
P,3068bpr0322,3068b
P,98138pr0064,98138
P,15627pr0010,15627
P,47470pr0001,47470
P,3069bpr0076,3069b
P,3626bpr9960,3626b
P,3004pr9974,3004
P,970c00pr0505,970c00
P,2446pr0002,2446
B,70720c01,2878c01
P,970c00pr0350,970c00
P,3070bpr0131,3070b
P,3024pr0005,3024
P,3024pr0007,3024
P,3626bpr9987,3626b
P,3626cpr3179,3626c
P,3626bpr0682,3626b
P,4744pr0044,4744
P,3960pr9982,3960
P,3626cpr1553,3626c
P,93552pr0002,93552
P,3008pr0020,3008
P,970c00pr0158,970c00
P,3069bpr0123,3069b
P,98138pr0026,98138
P,2545pr0001,2545
P,22385pr0011,22385
P,973c28h03pr9831,973c28h03
P,3626cpr1211,3626c
P,14769pr1038,14769
P,2586pr0015,2586
T,11439pat0004,11439
R,242c01,3634
P,970c00pr2148,970c00
P,3297pr0019,3297
P,4066pr0193,4066
P,970c00pr2152,970c00
P,3678bpr0048,3678b
A,3705b,3705
P,2384pr0005,2384
R,upn0060,35011
M,73590c03b,73590c01b
P,2446pr0019,2446
P,65188c01pr0001,65188c01
P,10178pr0001,10178
A,6228a,6228b
P,970x026pr2125,970x026
P,970x268pr1856,970x268
P,2335pr0023,2335
P,4744pr0045,4744
P,88930pr0006,88930
P,31110pr0001,31110
P,3626cpr2002,3626c
B,4714,4714c01
P,4066pr0139,4066
P,3039pr9999,3039
P,3626cpr3180,3626c
P,973p7w,3814
P,4066pr0148,4066
P,970x026pr0138,970x026
P,2587pr0034,2587
P,30603pr0006,30603
P,970c00pr1514,970c00
P,973pb0575,3814
R,14518,87587pr0001
M,29453a,29453
R,13747pr0001,59226pr0003
P,15673pr0001,15673
P,95341pr0001,95341
R,3853,4034
P,3039pr9987,3039
P,3626cpr3182,3626c
P,3626bpr9982,3626b
P,45462pr0002,45462
P,30350bpr0001,30350b
P,1022Apr0136,1022A
P,3626cpr3192,3626c
R,24093pr0003,24324
P,98107pr0005,98107
P,3626cpr3193,3626c
P,98138pr0048,98138
P,20607pr0001,20607
P,3626bpr0290,3626b
P,973c22h22pr9921,973c22h22
P,3664pr0025,3664
P,20381c01pr0001,20381
P,3626cpr0648,3626c
P,32533pr0226,32533
P,30161pr0002,30161
R,24093pr0023,24324
P,3626bpr0874,3626b
P,3626cpr2047,3626c
P,970c00pr1124,970c00
P,3068bpr9861,3068b
P,3626cpr2348,3626c
P,970c00pr1125,970c00
P,47457pr0002,47457
P,4215apr0002,4215a
P,3626bpr0103,3626b
P,3626bpr0140,3626b
P,3626bpr0211,3626b
P,3626cpr2010,3626c
P,970c00pr1134,970c00
P,3068bpr9860,3068b
P,2335pr0032,2335
P,2525pr0010,2525
P,3068bpr9857,3068b
P,3857pr0002,3857
P,3070bpr0132,3070b
P,3070bpr0035,3070b
P,970c00pr2124,970c00
P,3068bpr0199,3068b
P,4485pr0001,4485
P,87079pr0034,87079
P,3623pr9998,3623
P,970c00pr2126,970c00
P,3009apr0015,3009a
P,3626apr0003,3626a
P,6179pr0130,6179
P,30601pr0004,30601
P,14769pr1005,14769
M,73590c02b,73590c01b
B,4715,4714c01
P,98138pr0027,98138
P,40374pr0005,40374
P,10178pr0008,10178
P,2525pr0001,2525
P,3626cpr2003,3626c
P,2384pr0008,2384
P,973c27h01pr2061,973c27h01
P,31110pr0002,31110
P,970c00pr2136,970c00
P,970c00pr0759,970c00
P,970c00pr0789,970c00
P,3010pr9938,3010
P,970c00pr0790,970c00
R,4592,4593
P,3062bpr0040,3062b
P,3062bpr0036,3062b
P,3068bpr0351,3068b
P,970c00pr0788,970c00
P,970x199pr0117,970x199
P,3626cpr1549,3626c
M,17744,87655
P,3626cpr1538,3626c
P,3626cpr1540,3626c
P,3626cpr1542,3626c
P,3626cpr9960,3626c
P,3626cpr1544,3626c
P,3626cpr1548,3626c
P,3626bpr0074,3626b
P,4346pr0017,4346
P,3626cpr1539,3626c
P,3626cpr1545,3626c
P,3626cpr1546,3626c
P,3005pr9968,3005
P,3626cpr1547,3626c
P,3626cpr1550,3626c
P,3626cpr1551,3626c
P,3005pr9907,3005
P,3626cpr1552,3626c
P,2437pr0004,2437
P,3626bpr0525,3626b
P,970c00pr2143,970c00
P,3039pr0001,3039
P,3626cpr0994,3626c
P,970c00pr0749,970c00
R,7b,3137c02
P,3626cpr1543,3626c
P,970c00pr0755,970c00
P,3626cpr1003,3626c
P,970c00pr0756,970c00
P,18154pr0001,18154
P,970c00pr0758,970c00
P,973c11h02pr3294,973c11h02
P,6309pr0073,6309
P,973c11h01pr4318,973c11h01
A,6228c,6228b
P,3626cpr1541,3626c
B,22910c03,22910
P,3626bpr0303,3626b
R,7039,2346
R,7039b,2346
A,30144pr0026,30144pr0025
R,7039c,2346
R,242c01,2346
A,60169,30104
P,3008apr0005,3008a
P,4150pr0040,4150
P,4346pr0001,4346
P,3068bpr0357,3068b
P,3626cpr1151,3626c
R,42716,44308
P,3960pr9976,3960
P,3010pr9967,3010
P,3626cpr1076,3626c
P,4744pr0031,4744
P,3069bpr0135,3069b
P,3626bpr0262,3626b
P,3298pr0036,3298
R,11691,98128
P,48494pr0004,48494
P,3298pr0038,3298
P,2490pr0001,2490
P,973c27h01pr0124,973c27h01
P,87557pr0005,87557
P,3626cpr1614,3626c
P,14769pr1153,14769
P,24496pr0003,24496
P,75902pr0013,75902
P,3069bpr0059,3069b
A,10312,50986
R,7039,56897
R,7039b,56897
R,7039c,56897
R,242c01,56897
R,429c02,upn0274c01
P,747c02pr0007,747
P,4066pr0171,4066
P,3626cpr1719,3626c
P,3009apr0008,3009a
T,93549pat0001,93549
P,970c00pr2149,970c00
P,970x194pr0476,970x194
P,3437pr0064,3437
P,973pb1438,3814
P,973pb0541,3814
P,3626cpr2004,3626c
P,970x023pr0006,970x023
R,429c02,upn0259c02
P,24496pr0006,24496
P,22385pr0012,22385
P,15429pr0004,15429
R,24093pr0005,24324
P,3626bpr0008,3626b
P,3626cpr1783,3626c
P,1022Apr0137,1022A
P,22385pr0013,22385
P,15875c01pr0025,15875
P,20381c01pr0002,20381
A,93088pr0009,93088pr0005
P,3626cpr1137,3626c
P,3626bpr0527,3626b
P,973c22h03pr2086,973c22h03
P,3004pr0006,3004
P,3068bpr9858,3068b
P,3626cpr2039,3626c
P,970c00pr1119,970c00
P,66857pr0005,66857
P,3062bpr0001,3062b
P,3626cpr2038,3626c
P,3626cpr2035,3626c
P,31110pr0003,31110
P,970c00pr0412,970c00
P,93604pr0008,93604
P,3069bpr0083,3069b
P,970c00pr0058,970c00
P,2715pr0003,2715
P,3626cpr1099,3626c
P,3626bpr0547,3626b
P,2587pr0024,2587
P,3626cpr0993,3626c
P,3626cpr1002,3626c
P,22385pr0114,22385
P,3626cpr1804,3626c
P,11818pr0239,11818
P,3626cpr2570,3626c
P,15068pr0043,15068
P,14769pr0018,14769
P,970c00pr1504,970c00
P,1022Apr0142,1022A
P,973c22h01pr5382,973c22h01
P,14769pr0019,14769
P,3626bpr0094,3626b
P,6474pr9999,6474
P,3626bpr0903,3626b
P,973c27h01pr2083,973c27h01
P,11055pr9999,11055
P,14769pr1174,14769
P,4744pr0040,4744
P,93273pr0014,93273
P,3626bpr0772,3626b
A,brickslot2x2b,3003b
P,3626cpr1241,3626c
P,3008apr0014,3008a
P,64225pr0001,64225
P,50747pr0005,50747
P,3626bpr0945,3626b
P,1022Apr0150,1022A
P,3626bpr0030,3626b
P,2528pr0012,2528
T,40925pat0009,40925
P,6111pr0005,6111
P,3626cpr9841,3626c
P,88930pr0004,88930
T,60908pat0001,60908
P,3005pr9902,3005
P,87079pr0066,87079
R,792c03,3612
P,3626bpr1542,3626b
P,32533pr0631,32533
R,7039,61254
R,7039b,61254
R,7039c,61254
R,242c01,61254
P,606pr0002,606
T,93549pat0002,93549
T,93549pat0004,93549
P,66409pr0009,66409
P,3626cpr2604,3626c
P,3626cpr3298,3626c
P,3626cpr3296,3626c
P,970c00pr1516,970c00
P,3003pr0045,3003
P,85983pr0001,85983
P,98165pr0004,98165
P,3626cpr1230,3626c
P,3009pr0055,3009
P,30401pr0001,30401
P,98072pr0011,98072
P,32533pr0287,32533
P,3626bpr0750,3626b
P,3068bpr0168,3068b
P,973pb1055,3814
P,48933pr0002,48933
P,32310pr0002,32310
P,upn0244pr0002,upn0244
P,973pb0486,3814
P,973p8h,3814
P,973pq4,3814
R,59227pr0001,59226pr0001
P,98223pr0017,98223
P,3039pr0029,3039
P,973pbf,3814
P,973pb1004,3814
P,973p84,3814
P,4744pr0034,4744
P,973pb0378,3814
P,973pb0053,3814
P,973pb0851,3814
P,973pb0582,3814
P,973pb1017,3814
P,2345pr0002,2345
P,970x001pr0163,970x001
P,973pb1240,3814
P,973pb0107,3814
P,973pr4,3814
P,973pb1253,3814
P,4867pr0006,4867
P,973pb1302,3814
P,973pb0438,3814
P,14pr0002,14
P,973pb1444,3814
P,973pb0374,3814
P,374pr0004,374
P,973pb1431,3814
P,3626bpr0297,3626b
P,3068bpr0215,3068b
P,3626cpr0983,3626c
P,2507pr0004,2507
P,3626cpr2005,3626c
P,3068bpr9950,3068b
P,3626cpr1075,3626c
P,30117pr0001,30117
P,3009apr0027,3009a
P,3626bpr0341,3626b
P,970d20pr0819,970d00
P,970c00pr2184,970c00
P,3626bpr0831,3626b
P,30370pr0001,30370
P,10312pr0005,10312
P,3626bpr0768,3626b
P,60581pr0029,60581
T,93549pat0003,93549
P,98569pr0002,98569
P,30117pr0003,30117
P,3068bpr0080,3068b
R,7039,3483
R,7039b,3483
R,7039c,3483
R,242c01,3483
P,90370pr0004,90370
P,30600pr0006,30600
P,3626bpr0288,3626b
P,6309pr0139,6309
M,18031,98370
P,11260pr0002,11260
P,87079pr0003,87079
P,98165pr0003,98165
P,973pb0744,3814
R,24093pr0006,24324
P,3003pr0056,3003
P,973pb1297,3814
B,98138pr0219,77485
P,3626cpr3507,3626c
P,3626cpr3508,3626c
P,3626cpr3544,3626c
P,20381c01pr0227,20381
P,970x192pr2135,970x192
P,30387pr0001,30387
P,3005pr9931,3005
P,970x192pr2137,970x192
P,973c01h01pr9999,973c01h01
P,973c03h03pr5684,973c03h03
P,973c28h01pr1475,973c28h01
P,3069bpr0336,3069b
P,16925c01pr0010,16925
P,16925c01pr0162,16925
P,970x026pr0112,970x026
P,3626bpr0091,3626b
P,20381c01pr0232,20381
P,3626bpr0159,3626b
P,41854pr0002,41854
P,970x026pr0001,970x026
P,3626bpr0205,3626b
P,3626cpr3480,3626c
P,30361apr0002,30361a
R,792c03,3613
P,973c12h12pr0309,973c12h12
P,973g03c23h03pr4928,973g03c23h03
P,16925c01pr0160,16925
P,2490pr0015,2490
P,3068bpr0181,3068b
P,30144pr0037,30144
B,3814,973c36h01
B,3814,973c34h01
R,6016,3853
P,3626cpr1212,3626c
P,3942cpr0003,3942c
P,3626bpr0855,3626b
R,3613,3612
P,41747pr0014,41747
P,3626bpr0701,3626b
P,3626bpr0033,3626b
P,3069bpr0032,3069b
P,973c27h01pr0127,973c27h01
P,973c27h01pr0130,973c27h01
P,973c27h01pr0163,973c27h01
P,973c27h01pr3370,973c27h01
P,973c27h01pr3491,973c27h01
P,973c27h01pr0004,973c27h01
P,973c27h01pr0002,973c27h01
P,973c27h03pr5690,973c27h03
P,3069bpr0133,3069b
P,31110pr0015,31110
P,970c00pr0050,970c00
P,54701c01pr0001,54701c01
P,970c00pr0216,970c00
P,3005pr9886,3005
P,3001apr0001,3001a
P,4162pr0018,4162
P,3626cpr1556,3626c
P,3001pr0018,3001
P,31110pr0004,31110
P,50986pr0005,50986
R,43721,43720
P,3626bpr1541,3626b
P,970d19pr0798,970d00
P,99254pr0001,99254
R,7039,132a
P,30258pr0004,30258
P,98569pr0011,98569
P,4858pr0002,4858
P,4162pr0014,4162
R,3853,3855a
P,67095pr0003,67095
P,3626bpr0272,3626b
P,973pb1351,3814
P,973pb1233,3814
P,98107pr0007,98107
P,92084pr0003,92084
P,87079pr0190,87079
P,3626bpr9998,3626b
P,31110pr0005,31110
P,3626bpr0024,3626b
P,973c03h03pr5774,973c03h03
P,4066pr0142,4066
P,30474pr0006,30474
P,970c00pr9823,970c00
P,970x026pr0195,970x026
P,31110pr0006,31110
P,3626cpr3413,3626c
R,42195,18947
P,3001pr0010,3001
P,970c00pr9782,970c00
P,3004pr0071,3004
B,3814,973c27h01
B,3814,973c22h01
B,3814,973c34h12
B,3814,973c28h03
B,3814,973c28h01
B,3814,973c03h02
P,2715pr0002,2715
B,3814,973c27h27
B,3814,973c01h03
P,970c00pr1135,970c00
P,2431pr0081,2431
P,3004pr9965,3004
P,93273pr0003,93273
P,42022pr0009,42022
P,47759pr0003,47759
P,3004pr0018,3004
P,31213pr0018,31213
R,40375,40374
P,3678bpr0034,3678b
P,3062bpr9971,3062b
P,3069bpr0003,3069b
P,3626bpr0505,3626b
P,30602pr0015,30602
P,4066pr0240,4066
P,24093pr9999,24093
P,3068bpr0152,3068b
P,20607pr0002,20607
P,970d25pr0807,970d00
R,64800,86055
P,970c00pr0225,970c00
P,3069bpr9982,3069b
P,3626bpr0332,3626b
P,30258pr0008,30258
R,64800,86056
P,15535pr0002,15535
P,3626bpr0293,3626b
P,3011pr9998,3011
P,21810pr0001,21810
R,2651,2650
R,6041,6040
P,3626bpr0292,3626b
P,21019c00pat005pr0002,21019c00pat005
P,87079pr0073,87079
R,3856,3853
M,99784,42445
P,14769pr0028,14769
R,7039b,132a
R,7039,132b
R,7039,132c
P,25114pr0001,25114
R,89908,86056
M,18575,32269
R,87562pr0001,90254
P,3626bpr0322,3626b
P,3626cpr9748,3626c
P,4066pr0130,4066
P,30075pr0002,30075
T,47327pat0001,47327
P,2544pr0001,2544
P,6636pr0011,6636
P,970c00pr0218,970c00
P,2335pr0001,2335
P,3005pr9887,3005
P,973c27h01pr3209,973c27h01
A,973c27h01pr4202,973c27h01pr1580
P,25748pr0001,25748
P,upn0179pr0001,upn0179
B,54100,54779
A,15210,30258
P,30126pr0002,30126
P,50231pr0007,50231
M,61053,47296
R,42716,44309
T,30293pat0002,30293
P,30144pr0026,30144
T,47847pat0002,47847
P,16175pr0002,16175
P,59231pr0004,59231
T,88288pat0001,88288
P,3626bpr0061,3626b
P,3626cpr1738,3626c
P,3626bpr0853,3626b
P,2340pr0003,2340
P,970c00pr0842,970c00
P,970c00pr0853,970c00
P,970c00pr0856,970c00
P,3626cpr1673,3626c
P,3626cpr1649,3626c
P,90498pr0001,90498
P,3626cpr1762,3626c
P,3626cpr1560,3626c
M,upn0149c52,upn0149
P,970c00pr0829,970c00
P,3068bpr9854,3068b
P,3626cpr1650,3626c
P,31110pr9999,31110
R,4963,4962
T,53588pat0001,53588
A,792c02,792c01
M,19220,3962
B,18979a,18979
P,3626bpr0334,3626b
P,4066pr0113,4066
P,2587pr0023,2587
P,3626cpr1037,3626c
P,30363pr0010,30363
P,970c00pr0283,970c00
P,3626bpr0830,3626b
P,973c14h12pr5716,973c14h12
P,3037pr0019,3037
P,970x027pr0003,970x027
P,28592pr0001,28592
P,970c00pr0325,970c00
P,973c03h03pr5767,973c03h03
P,30408pr0010,30408
B,3829a,3829c01
P,970c00pr0042,970c00
M,19185,56630
R,50859a,50862
P,24699pr0001,24699
P,87079pr0074,87079
P,2586pr0022,2586
P,970c00pr0020,970c00
P,87748pr0002,87748
R,3613,3614a
R,7039c,132a
R,7039b,132b
P,3001apr0004,3001a
R,7039c,132b
R,7039b,132c
P,95327pr0001,95327
P,4150pr0020,4150
B,3829a,3829c02
A,2924b,2924a
P,42060pr0005,42060
P,973c03h03pr5775,973c03h03
P,3626cpr0013,3626c
B,3829a,3829c03
B,3829a,3829c04
T,47847pat0003,47847
P,16175pr0001,16175
P,3005pr9985,3005
P,685pr0005,685
P,59231pr0003,59231
P,973pb0070,3814
P,12886pr0001,12886
P,973c03h02pr5782,973c03h02
P,90498pr0002,90498
B,54101,54779
P,973c03h02pr5789,973c03h02
P,42022pr0003,42022
P,3626cpr1653,3626c
P,93219pr0006,93219
P,4197pr0008,4197
P,973c31h01pr4214,973c31h01
P,3005pr9980,3005
P,3626cpr1660,3626c
B,upn0193,case1030c01
B,upn0193,case1032c01
T,35809pat0001,35809
P,3068apr0003,3068a
R,64390,30046
T,57560pat0001,57560
B,792,792c01
B,18979b,18979
P,3626cpr1761,3626c
P,3068bpr0359,3068b
P,970x026pr0245,970x026
P,33009pr0006,33009
P,4345apr0003,4345a
P,3009pr0060,3009
P,970x001pr0478,970x001
P,4867pr0001,4867
P,50986pr0003,50986
P,3010pr9947,3010
P,970c00pr0541,970c00
P,970c00pr1900,970c00
P,3070bpr0091,3070b
P,973c27h01pr5797,973c27h01
P,3960pr9974,3960
P,3878pr0001,3878
P,14769pr1142,14769
P,98223pr0016,98223
P,26603pr0027,26603
P,3626bpr0162,3626b
P,3068bpr9853,3068b
P,4066pr0173,4066
P,3069bpr0132,3069b
P,970c00pr0262,970c00
P,41748pr0010,41748
P,3626bpr0146,3626b
B,3828,3829c01
P,3003pr0156,3003
P,22385pr0014,22385
P,3626bpr0704,3626b
P,92747pr0001,92747
P,75902pr0001,75902
P,87079pr0075,87079
P,18675pr0001,18675
P,3846pr0002,3846
P,90508pr0001,90508
P,970c00pr0152,970c00
M,upn0149c82,upn0149
P,3626cpr2409,3626c
R,242c01,132a
P,2528pr0004,2528
P,3626cpr2410,3626c
P,4198pr0001,4198
R,242c01,132b
R,7039c,132c
P,32533pr0685,32533
R,242c01,132c
P,3069bpr0040,3069b
P,3009pr0033,3009
R,42716,61481
P,3626bpr0631,3626b
P,3626cpr1081,3626c
T,51342pat0004,51342
P,3069bpr0065,3069b
P,3626cpr1812,3626c
P,973c03h03pr5850,973c03h03
P,3008pr0024,3008
R,4170,4171
T,64263pat0001,64263
R,3855,3853
P,30144pr0034,30144
P,98071pr0003,98071
P,970c00pr0007,970c00
P,973pb1247,3814
P,47759pr0007,47759
P,6309pr0129,6309
A,98549,30256
P,90398pr0005,90398
P,970c00pr0536,970c00
P,90398pr0008,90398
A,95227,2560
P,3684pr0001,3684
B,3814,11938
P,970c00pr0844,970c00
P,970c00pr0843,970c00
P,3626cpr1658,3626c
B,upn0191,case1030c01
B,794,792c01
M,15379,3873
P,3005pr9917,3005
P,970d05pr0710,970d00
P,3626bpr0063,3626b
P,15210pr0005,15210
P,3068bpr0262,3068b
P,1022Apr0139,1022A
P,1021Apr0073,1021A
P,3626bpr0274,3626b
P,970c00pr0827,970c00
P,3626bpr0145,3626b
P,3626cpr9900,3626c
P,3626cpr1711,3626c
P,1021Apr0074,1021A
P,3626cpr1706,3626c
P,3626cpr9902,3626c
P,3626cpr1686,3626c
B,3828,3829c02
P,30367cpr1015,30367c
P,21019c00pat010pr9999,21019c00pat010
P,3626cpr1675,3626c
P,1021Apr0075,1021A
P,3664pr0024,3664
P,3626bpr0662,3626b
B,3828,3829c03
B,3828,3829c04
P,1022Apr0201,1022A
P,3626cpr1077,3626c
P,3626bpr0724,3626b
P,3068bpr0125,3068b
P,3068bpr0129,3068b
P,3626bpr0633,3626b
P,3678bpr0079,3678b
P,4066pr0258,4066
P,4150pr0042,4150
P,3068bpr0309,3068b
P,970c00pr0043,970c00
P,3004pr9963,3004
P,95228pr0005,95228
P,3960pr0038,3960
P,3009apr0026,3009a
T,35809pat0002,35809
P,3001apr0005,3001a
P,93597pr0005,93597
M,98302,3475b
P,98223pr0015,98223
P,3194pr0002,3194
P,3626cpr1577,3626c
P,90397pr0001,90397
P,970x026pr0531,970x026
P,98071pr0004,98071
P,3626bpr0468,3626b
P,3626cpr0866,3626c
P,3067pr0001,3067
P,3004pr9980,3004
R,50859b,50862
P,3626bpr1551,3626b
R,7039,498
R,7039b,498
R,7039c,498
R,242c01,498
P,3626bpr1544,3626b
P,973pb0734,3814
R,98115,98114
T,61406pat0006,61406
P,973pr6,3814
P,21019c00pat010pr0003,21019c00pat010
P,21019c00pat013pr0001,21019c00pat013
P,3626cpr9858,3626c
P,37364pr0006,37364
P,3039pr9958,3039
R,384,4234
T,64263pat0002,64263
T,64263pat0003,64263
P,48933pr0004,48933
P,30600pr0004,30600
P,90398pr0006,90398
R,50956,50955
R,79417,79418
P,16925c01pr0146,16925
B,upn0191,case1032c01
R,2496,2655
B,795,792c01
P,970d27pr0504,970d00
P,66855pr0001,66855
P,3068bpr0079,3068b
P,3626cpr9769,3626c
P,3626bpr0719,3626b
P,3009pr0023,3009
R,42716,15413
P,2483pr0001,2483
R,2529,15627
R,2529,60594
R,2529,60598
P,970c00pr1131,970c00
P,64867pr0001,64867
P,16925c01pr0149,16925
P,66792pr0127,66792
P,3626cpr2049,3626c
P,3754pr0005,3754
P,3437pr0023,3437
P,970c00pr0016,970c00
P,30639pr0001,30639
P,98138pr0005,98138
P,2694pr0001,2694
P,3626bpr0150,3626b
P,2446pr0036,2446
P,3626bpr1095,3626b
P,970c00pr0355,970c00
P,3062bpr9966,3062b
P,30602pr0011,30602
P,3068bpr0154,3068b
P,3626bpr1011,3626b
P,3626bpr1138,3626b
B,3815,970c00
P,3008pr0023,3008
P,30370pr0002,30370
P,3626bpr0693,3626b
P,3626bpr0856,3626b
P,3194pr0001,3194
P,18675pr0002,18675
P,3068bpr9720,3068b
P,42022pr0007,42022
P,98138pr0009,98138
A,3475a,3475b
P,11203pr0095,11203
R,93068pr0001,93067pr0001
T,98107pat0001,98107
T,51342pat0001,51342
T,54821pat0006,54821
R,70026,73696
P,6201pr0001,6201
P,3626bpr0801,3626b
R,70026,73697
P,3626bpr0270,3626b
P,3009apr0009,3009a
P,3626bpr1173,3626b
P,3069bpr0114,3069b
P,98072pr0003,98072
P,973pb0083,3814
P,3068bpr0497,3068b
P,90398pr0009,90398
P,90398pr0010,90398
P,3626cpr1667,3626c
P,3626cpr1672,3626c
P,3626cpr1651,3626c
P,970c00pr0854,970c00
P,3068bpr9910,3068b
T,64297pat0001,64297
B,792,792c02
P,92084pr0002,92084
P,3068bpr9719,3068b
P,2431pr0039,2431
P,970d24pr0806,970d00
P,3068bpr9718,3068b
P,47469pr0001,47469
B,64415,64414
B,973pa4,973c27h03pr0004
M,3048a,3048b
P,3626cpr1668,3626c
P,3003pr0006,3003
P,3069bpr0143,3069b
P,3626cpr1813,3626c
P,3245cpr0004,3245c
R,3613,3614b
P,3626cpr1704,3626c
P,970c00pr0885,970c00
P,973c31h01pr4901,973c31h01
P,3626cpr1703,3626c
P,15535pr0001,15535
P,3003pr0018,3003
P,3626bpr0142,3626b
P,970c00pr0902,970c00
P,3005pr9958,3005
P,970c00pr0901,970c00
P,3626cpr1702,3626c
P,3626bpr1089,3626b
P,3626cpr1669,3626c
P,3626cpr1671,3626c
P,2582pr0002,2582
P,970c00pr0717,970c00
P,970c00pr0025,970c00
P,3626bpr0578,3626b
P,90639pr0019,90639
P,3626bpr0880,3626b
P,970c00pr0461,970c00
P,3003pr0160,3003
P,3037pr0010,3037
P,3626bpr0765,3626b
P,3626cpr1589,3626c
P,3626cpr0858,3626c
P,3068bpr9909,3068b
P,1022Apr0140,1022A
P,1022Apr0141,1022A
P,970c00pr0786,970c00
P,3626cpr1587,3626c
P,41855pr0007,41855
P,3626bpr1540,3626b
P,3626bpr0285,3626b
P,3626bpr0491,3626b
P,3626bpr1552,3626b
P,87568pr0004,87568
B,4351,4350c01
B,4350,4350c01
P,2587pr0007,2587
P,3005pr9913,3005
P,3822pr0001,3822
P,3298pr0046,3298
T,98107pat0002,98107
T,53562pat0003,53562
R,73112,73696
R,73112,73697
T,6082pat0001,6082
P,309pr0003,309
P,98072pr0004,98072
P,22385pr0015,22385
P,973p6x,3814
P,40385pr0001,40385
P,3062bpr0024,3062b
R,87079pr0020,87079pr0019
P,19305pr0002,19305
P,13392pr0003,13392
B,793,792c02
P,3626bpr0811,3626b
P,973c31h03pr4178,973c31h03
P,973pb0581,3814
P,1022Apr0143,1022A
P,87079pr0014,87079
P,3069bpr0146,3069b
T,18396pat0002,18396
P,3069bpr0147,3069b
A,92593,41740
B,4180,4180c01
P,3626cpr1718,3626c
P,1022Apr0145,1022A
P,3626cpr1721,3626c
P,3626cpr1722,3626c
P,1022Apr0146,1022A
P,1022Apr0147,1022A
P,30649pr0002,30649
P,3626cpr1720,3626c
P,90397pr0006,90397
P,970c00pr0906,970c00
P,2408pr0002,2408
A,21019c00,970c00
P,3626cpr1670,3626c
P,48933pr0006,48933
P,3039pr9992,3039
P,3005pr9901,3005
P,3245bpr0005,3245b
P,4150pr0023,4150
P,4066pr0181,4066
P,4066pr0157,4066
P,3626bpr0247,3626b
T,27062pat0001,27062
P,24496pr0008,24496
P,3062bpr0015,3062b
P,15500pr0001,15500
P,3626bpr0427,3626b
P,3626bpr0741,3626b
P,3626bpr0775,3626b
P,30261pr0010,30261
P,30602pr0031,30602
P,3024pr0003,3024
P,3626cpr0679,3626c
P,3626cpr2404,3626c
P,98138pr0007,98138
P,10312pr0004,10312
R,2529,60806
P,970c00pr0366,970c00
P,3437pr0067,3437
P,47543pr0007,47543
P,26603pr0031,26603
P,3941pr0002,3941
P,3068bpr0415,3068b
P,11203pr0009,11203
P,45449pr0008,45449
P,87079pr0032,87079
P,3626cpr2405,3626c
T,53562pat0006,53562
P,3626bpr0759,3626b
P,4744pr0016,4744
P,4744pr0017,4744
P,3009pr0018,3009
P,98068pr0003,98068
P,40387pr0001,40387
P,3068bpr0353,3068b
P,87079pr0067,87079
P,19303pr0002,19303
B,795,792c02
R,60607,15627
P,3003pr0029,3003
P,14769pr9996,14769
P,30489pr0002,30489
P,29988pr0008,29988
P,66792pr0125,66792
P,3068bpr0257,3068b
B,4180,4180c02
B,4180,4180c03
P,4740pr0017,4740
P,3626bpr0229,3626b
P,3626cpr1709,3626c
P,3626cpr1710,3626c
M,3048b,3048c
P,3068bpr9717,3068b
P,3069bpr0048,3069b
P,3004pr0069,3004
P,970c00pr0891,970c00
P,66855pr0004,66855
P,3626cpr1680,3626c
P,4150pr0019,4150
P,970c00pr0863,970c00
P,3626cpr1681,3626c
B,973pa5,973c16h01pr0005
P,3626cpr1688,3626c
P,970c00pr0877,970c00
P,3626cpr1687,3626c
P,4198pr9985,4198
P,3626cpr1693,3626c
P,3068bpr9716,3068b
P,3626cpr1691,3626c
P,970c00pr0871,970c00
P,3626cpr1690,3626c
P,970c00pr0879,970c00
P,970c00pr0880,970c00
P,3626cpr1642,3626c
P,3626cpr1692,3626c
P,3039pr0011,3039
P,3626cpr1694,3626c
P,970c00pr0874,970c00
P,31110pr0071,31110
P,970c00pr0060,970c00
P,970c00pr0133,970c00
P,3004pr0072,3004
P,3004pr0065,3004
P,3068bpr0118,3068b
P,30602pr0025,30602
P,90392pr0001,90392
P,970c00pr0149,970c00
P,3626bpr0335,3626b
P,30602pr0030,30602
P,45411pr0001,45411
P,45406pr0003,45406
M,3048a,3048c
P,16497pr0002,16497
P,3005pr0027,3005
P,3039pr0021,3039
P,50995pr0001,50995
P,50995pr0007,50995
P,87079pr0015,87079
A,3002b,3002
P,32533pr0143,32533
P,3622pr0059,3622
P,3003pr0025,3003
P,3626cpr9959,3626c
P,970c00pr0454,970c00
P,60601pr0004,60601
P,3068bpr9908,3068b
P,3626bpr1539,3626b
P,970c00pr0053,970c00
P,92084pr0001,92084
P,6309pr0133,6309
P,973c27h01pr1580,973c27h01
P,15068pr0052,15068
R,90203,90187c01pr0002
P,3626cpr1795,3626c
T,55706pat0001,55706
P,6180pr0006,6180
A,92088,92340
P,973pb1153,3814
P,14769pr1017,14769
P,3068bpr9907,3068b
P,3068bpr0499,3068b
P,970c00pr0850,970c00
P,3626cpr1674,3626c
P,67095pr0012,67095
P,970c00pr0855,970c00
P,970c00pr0806,970c00
B,792,792c03
T,85800pat0001,85800
P,973pb0573,3814
P,15068pr0020,15068
P,15625pr0006,15625
P,3068bpr0258,3068b
P,3068bpr0259,3068b
P,87610pr0005,87610
P,87587pr0004,87587
P,41855pr0001,41855
P,2654pr0008,2654
B,3135,3135c02
B,3135,3135c03
P,40374pr0002,40374
B,4180,4180c04
B,4180,4180c05
P,3626cpr2050,3626c
P,3069bpr0279,3069b
P,3626bpr0031,3626b
P,970c00pr0876,970c00
P,3068bpr9906,3068b
T,21019x268pat01,21019c00
P,40373pr0005,40373
P,970c00pr1133,970c00
P,2431pr0068,2431
P,973c27h01pr9738,973c27h01
P,88930pr0007,88930
P,98133pr0006,98133
P,3068bpr0551,3068b
P,3068bpr0108,3068b
P,2431pr0031,2431
P,3003pr0057,3003
P,3626bpr9981,3626b
P,3645pr0003,3645
P,3626cpr9823,3626c
P,30375pr0004,30375
P,3298pr0005,3298
P,3068bpr9904,3068b
P,2586pr0014,2586
A,973c54h46pr0323,973c42h25pr2717
P,14769pr1150,14769
P,3857pr0001,3857
P,3626cpr2481,3626c
P,3899pr0007,3899
P,6256pr1002,6256
P,973c27h01pr5131,973c27h01
P,973c27h01pr2860,973c27h01
P,3626cpr0998,3626c
P,970x001pr0005,970x001
P,3003pr0024,3003
P,3008apr0030,3008a
P,50995pr0002,50995
P,90462pr0001,90462
P,3626bpr0368,3626b
P,3626bpr0435,3626b
P,18895pr0002,18895
P,3626bpr0567,3626b
P,3068bpr0158,3068b
P,3068bpr0217,3068b
P,3754pr0001,3754
P,98569pr0003,98569
P,3626bpr0763,3626b
P,1022Apr0148,1022A
P,970c00pr0362,970c00
P,970c00pr0187,970c00
P,47844pr0001,47844
P,3068bpr0032,3068b
P,1041Apr0001,1041A
P,33009pr0009,33009
P,3623pr0029,3623
P,41854pr0005,41854
R,90190,90187c01pr0002
T,55706pat0002,55706
A,6584,92340
P,90398pr0004,90398
P,98069pr0003,98069
P,3068bpr0247,3068b
P,6069pr0010,6069
P,98374pr0001,98374
B,793,792c03
B,795,792c03
P,3068bpr0324,3068b
T,63149pat0001,63149
P,973pb0419,3814
P,3068bpr0260,3068b
P,3626cpr1781,3626c
M,3048a,15571
P,1041Apr0002,1041A
B,3135,3135c01
B,995,4180c05
B,996,4180c01
P,3005pr9966,3005
P,26393pr0001,26393
P,3626bpr9977,3626b
P,1041Apr0005,1041A
R,22394,22380
M,18866,30218
P,970c00pr0881,970c00
P,3626cpr1679,3626c
P,970x028pr0937,970x028
P,1041Apr0007,1041A
P,970c00pr0875,970c00
R,41680,41681
P,3626cpr1678,3626c
P,3068bpr0385,3068b
P,4346pr0003,4346
P,2335pr0031,2335
P,970c00pr0861,970c00
P,3626cpr1676,3626c
R,87079pr0015,87079pr0014
P,970c00pr0859,970c00
P,970c00pr0862,970c00
P,3626bpr0214,3626b
P,3626bpr0225,3626b
P,3626cpr1677,3626c
T,21019x106pat01,21019c00
P,3437pr0055,3437
P,2582pr0004,2582
P,93070pr0001,93070
P,3010pr0067,3010
P,3068bpr0255,3068b
P,15875c01pr0008,15875
P,98138pr0034,98138
P,4150pr0026,4150
P,11640pr0001,11640
B,3081a,3081ac01
P,3003pr0021,3003
P,4066pr0104,4066
P,3626bpr0788,3626b
P,30144pr0022,30144
P,2431pr0020,2431
P,970c00pr0360,970c00
P,3003pr0010,3003
A,upn0151a,upn0151
B,458,568c02
P,3068bpr0006,3068b
P,970c00pr9988,970c00
P,3626bpr0680,3626b
P,3678bpr0006,3678b
P,41747pr0016,41747
P,3626bpr0920,3626b
R,47844,47843
P,3664pr0019,3664
P,3068bpr0350,3068b
P,6069pr0009,6069
P,47423pr0007,47423
P,4066pr9998,4066
P,3626bpr0581,3626b
P,87079pr0033,87079
P,3009pr0003,3009
P,3626bpr1545,3626b
P,3626bpr0545,3626b
P,32533pr0574,32533
R,90190,90187c01pr0001
T,55706pat0003,55706
P,1041Apr0008,1041A
P,3960pr0010,3960
P,3626cpr1652,3626c
P,3626cpr1654,3626c
P,973pb0890,3814
B,792,792c04
B,793,792c04
P,973pb0172,3814
B,3814,973c01h01
B,3814,973c31h03
P,clikupn0063pr0001,clikupn0063
P,66855pr0002,66855
B,3814,973c16h16
R,30395,30396
A,brickslot2x3b,3002
B,3814,973c03h03
B,3814,973c08h25
P,30361cpr1013,30361c
B,3814,973c17h17
P,3011pr9997,3011
P,3009pr0036,3009
P,3068bpr0263,3068b
P,30367cpr1006,30367c
P,609pr0001,609
B,3135,3135c04
P,3626bpr0178,3626b
B,996,4180c04
P,93230pr0003,93230
P,3626cpr2019,3626c
P,14769pr1027,14769
P,3069bpr0145,3069b
P,3069bpr0144,3069b
P,3626cpr0863,3626c
R,41680,41679
P,3626bpr1016,3626b
P,95351pr0002,95351
P,11640pr0002,11640
P,26393pr0002,26393
P,970c00pr1038,970c00
B,upn0383a,568c02
R,20286b,20286a
P,970c00pr1034,970c00
P,2207pr0001,2207
P,970c00pr1037,970c00
P,3626cpr1880,3626c
P,3846pr0035,3846
P,35962c04,35962
P,3069bpr0273,3069b
P,14769pr1151,14769
B,54703,54701c01
P,13785pr0256,13785
P,3626cpr1879,3626c
P,3626cpr1255,3626c
P,3626cpr1881,3626c
B,98138pr0139,67222
P,3001pr9990,3001
P,galupn0040pr0001,galupn0040
P,3626cpr1887,3626c
P,3821pr0001,3821
P,3942bpr0001,3942b
P,3070bpr0071,3070b
P,30195pr0001,30195
P,galupn0040pr0002,galupn0040
P,41750pr0002,41750
P,2586pr0024,2586
P,3678bpr0002,3678b
P,98138pr0143,98138
P,2431pr0035,2431
P,42602pr0003,42602
R,47543pr0008,47543pr0002
P,87621pr0004,87621
P,2586pr0016,2586
R,90203,90187c01pr0001
P,40373pr0002,40373
P,3067pr0005,3067
P,3068bpr0071,3068b
M,3626cpr0638,3626bpr0638
P,95351pr0003,95351
P,3622pr0045,3622
P,3626cpr0638,3626c
P,3068bpr9905,3068b
A,92092,44569
M,3048b,15571
A,98285,43056
P,98388pr0006,98388
A,794,793
P,2335pr0007,2335
M,91966,64415
P,973paj,3814
M,3626cpr0043,3626bpr0043
M,3626bpr1548,3626cpr1548
P,973pb0653,3814
P,32533pr0001,32533
B,3814,973c32h32
B,3814,973c03h01
P,2587pr0017,2587
P,3010pr9980,3010
B,3814,973c01h27
B,3814,973c31h01
P,87079pr0071,87079
P,42060pr0006,42060
P,4066pr0204,4066
P,3068bpr9903,3068b
P,3626cpr1769,3626c
M,3626cpr0633,3626bpr0633
P,970c00pr1511,970c00
P,30647pr0001,30647
P,3626cpr1659,3626c
P,3006pr0005,3006
P,3626cpr1661,3626c
P,970c00pr0848,970c00
P,4474pr0001,4474
P,970c00pr0846,970c00
P,30603pr0001,30603
P,22385pr0004,22385
B,3136,3135c01
B,3136,3135c02
M,11002,6157
T,32574pat0001,32574
P,4744pr0008,4744
P,14769pr1022,14769
P,38153pr0001,38153
P,14769pr1024,14769
P,14769pr1020,14769
P,35962c02,35962
T,32575pat0001,32575
P,92254pr0003,92254
P,30117pr0006,30117
B,3081b,3081bc01
P,3626cpr9797,3626c
P,76371pr0100,76371
P,15068pr0011,15068
M,3307,12939
P,3626cpr1579,3626c
P,3626cpr1763,3626c
P,3004pr9976,3004
R,51035,51036
R,87612,87613
A,93140,4714
P,4744pr0001,4744
P,3626bpr0126,3626b
P,98138pr0014,98138
P,90639pr0013,90639
P,87079pr9991,87079
P,2587pr0012,2587
P,32298pr0001,32298
P,3068bpr0165,3068b
P,3626bpr1066,3626b
P,3626bpr0823,3626b
P,3626cpr1039,3626c
P,3626bpr0477,3626b
P,3626bpr0521,3626b
P,47753pr0004,47753
R,90203,90187c01
P,3626bpr0509,3626b
B,54703,54701c06
P,3002apr0006,3002a
P,3626bpr1550,3626b
P,2431pr0078,2431
R,18976,18977
P,3068bpr9852,3068b
P,3068bpr0408,3068b
P,29988pr0009,29988
P,973pb0741,3814
P,973pb1073,3814
P,973pad,3814
P,3626cpr0975,3626c
P,50986pr0001,50986
P,973pb1113,3814
P,88930pr0005,88930
P,3068bpr0142,3068b
P,87079pr0072,87079
B,3136,3135c03
P,3009pr0031,3009
B,3136,3135c04
P,3068bpr0390,3068b
P,14769pr1023,14769
R,41681,47455
P,98606pr0003,98606
M,3048c,15571
P,72824pr0001,72824
R,22408,22385
M,15254,12939
P,777pr0014,777
P,98100pr0002,98100
P,45462pr0005,45462
P,647pr0001,647
P,3626bpr0127,3626b
P,3068bpr9902,3068b
P,970c00pr0948,970c00
R,24093,24324
M,10190,59275
P,3068bpr0291,3068b
P,1022Apr0152,1022A
P,upn0228pr0010,upn0228
P,3004pr9981,3004
T,51342pat0010,51342
P,970c00pr0004,970c00
P,3039pr9998,3039
P,3626cpr0024,3626c
P,1022Apr0153,1022A
P,973c03h03pr3435,973c03h03
T,23989pat0002,23989
P,3626bpr9965,3626b
P,3005pr9895,3005
B,15391,15391c01
P,4182pr0001,4182
M,98393i,87989
A,32125,2712
P,11055pr0002,11055
R,24132,24130
P,20953pr0001,20953
R,2348b,2349a
R,2349a,4315
A,32124,2711
P,95351pr0004,95351
R,4739a,4738a
P,2431pr0064,2431
P,98376pr0002,98376
P,970c00pr1510,970c00
P,3068bpr9851,3068b
P,3626cpr1523,3626c
P,4150pr0016,4150
P,30261pr0007,30261
P,970c00pr0544,970c00
P,3626cpr1528,3626c
P,2446pr0041,2446
P,970c00pr0741,970c00
P,3626cpr1274,3626c
P,30602pr0017,30602
P,606pr0003,606
P,3626bpr0028,3626b
P,1022Apr0154,1022A
P,1022Apr0155,1022A
P,2431pr0049,2431
P,3678bpr0029,3678b
P,99241pr0001,99241
R,90190,90187c01
P,30622pr0003,30622
A,733ex,733
P,1022Apr0156,1022A
P,3626bpr0369,3626b
P,3003pr0019,3003
P,3003pr0020,3003
P,973c14h14pr3111,973c14h14
P,607pr0001,607
P,970c00pr0039,970c00
P,26603pr0047,26603
P,61287pr0006,61287
P,970x154pr0487,970x154
P,24093pr0004,24093
P,20308pr0002,20308
P,66857pr0006,66857
P,970c00pr0208,970c00
P,22385pr0005,22385
P,3001pr0033,3001
P,30633pr0003,30633
P,2230pr0002,2230
P,87079pr0076,87079
P,14769pr1025,14769
P,3622pr9993,3622
P,72824pr0005,72824
P,3068bpr0265,3068b
P,30258pr0002,30258
P,6214pr0002,6214
B,3082,3081ac01
P,98113pr0001,98113
P,47543pr0009,47543
P,45449pr0007,45449
P,30363pr0013,30363
P,45449pr0009,45449
P,6179pr9987,6179
B,54703,54701c05
B,6160,6160c04
P,970c00pr1112,970c00
P,16925c01pr0141,16925
M,14682,40620
P,upn0244pr0006,upn0244
A,71137,40620
P,14769pr0009,14769
M,3626bpr1544,3626cpr1544
P,3626cpr1530,3626c
R,4715,4714
P,3939pr0003,3939
P,3626cpr1100,3626c
M,76764,3847
R,6542b,6539
P,2408pr0004,2408
P,2513pr0004,2513
P,747c01pr0007,747
R,24307,24299
P,4066pr0232,4066
R,4739b,4738b
P,3004pr9961,3004
P,14769pr1042,14769
B,852,850c01
P,3626bpr0278,3626b
P,16925c01pr0126,16925
P,6474pr9996,6474
P,15490pr0002,15490
P,2335pr0004,2335
P,3039pr0076,3039
P,93056pr0004,93056
P,3626cpr1122,3626c
P,98835pr0002,98835
P,3626bpr0743,3626b
P,3062bpr9990,3062b
P,970c00pr0345,970c00
P,98603pr0001,98603
P,2446pr0023,2446
P,3626cpr1087,3626c
P,3626cpr1202,3626c
P,3678bpr0021,3678b
P,30366pr0001,30366
P,93591pr0001,93591
P,4346pr0015,4346
P,90187c01pr0001,90187c01
P,30562pr0001,30562
P,3298pr0012,3298
P,3626bpr0690,3626b
P,3626bpr0705,3626b
P,3626bpr1548,3626b
P,14769pr1015,14769
P,970c00pr0211,970c00
P,6179pr0023,6179
P,18973pr0001,18973
B,18978a,18978
P,98653pr0001,98653
P,973p7y,3814
P,973pb0680,3814
P,3001pr9999,3001
P,87079pr0077,87079
P,20308pr0001,20308
P,14769pr1026,14769
P,3626bpr0590,3626b
P,3069bpr0149,3069b
P,2715pr0001,2715
B,3082,3081bc01
P,11344pr0006,11344
P,2447pr0003,2447
P,30261pr0009,30261
B,98109pr0001,98109c01pr0001
R,15254,20309
A,57894,6160
M,3626cpr0472,3626bpr0472
P,4865bpr0004,4865b
P,4066pr9997,4066
B,6160,6160c02
B,6160,6160c05
B,851a,850c01
P,4066pr0166,4066
P,14769pr0011,14769
R,6542a,6539
P,3062bpr0017,3062b
B,15392,15391c01
P,87079pr0197,87079
P,3039pr9968,3039
P,30370pr0021,30370
A,21229,30056
P,309pr0001,309
P,3678bpr0065,3678b
R,24093pr0004,24324
P,3678bpr0055,3678b
R,24196pr0002,24199
P,970c00pr0744,970c00
P,3626cpr1991,3626c
P,87079pr0198,87079
P,3626cpr1886,3626c
P,3626cpr1889,3626c
P,3626cpr1882,3626c
P,4066pr0170,4066
P,3626cpr1884,3626c
P,3626cpr1888,3626c
P,3626cpr1883,3626c
P,3626cpr1885,3626c
P,43693pr0002,43693
P,4066pr9996,4066
P,970c00pr8999,970c00
P,3626cpr2011,3626c
P,970c00pr0976,970c00
P,68869pr0104,68869
P,50231pr9998,50231
R,75762pr0001,49242
P,3626bpr0966,3626b
P,970c00pr1047,970c00
P,18051pr0002,18051
P,3961pr0010,3961
B,850,850c02
P,4066pr0124,4066
P,3626bpr0875,3626b
P,2586pr0011,2586
P,3626bpr0834,3626b
P,22385pr0109,22385
P,2446pr0039,2446
P,4066pr0184,4066
P,970c00pr0029,970c00
P,3068bpr0191,3068b
P,3678apr0004,3678a
P,87621pr0005,87621
P,3008apr0023,3008a
B,850,850c01
P,2446pr0021,2446
P,3005pr9996,3005
P,4150pr0003,4150
P,18858pr0001,18858
P,98653pr0002,98653
P,90187c01pr0002,90187c01
P,3941pr0001,3941
P,98569pr0010,98569
B,54703,54701c04
P,973pb0731,3814
P,22385pr0006,22385
B,18978b,18978
P,14769pr1105,14769
P,973pb0857,3814
P,973pb0615,3814
P,3626cpr2618,3626c
P,3626cpr2625,3626c
P,98138pr0035,98138
T,21019c00pat002,21019c00
P,3068bpr0264,3068b
P,35962c05,35962
P,72824pr0002,72824
R,59218pat0002,59217pat0002
P,3005pr9983,3005
B,98113,98109c01pr0001
P,30144pr0016,30144
M,10830pat0001,30152pat0001
P,970c00pr0275,970c00
P,3626cpr0870,3626c
B,6160,6160c01
P,3622pr9991,3622
R,32187,6539
A,649pr0015,649pr0012
P,penupn0003pr0076,penupn0003
P,970c00pr0426,970c00
P,3069bpr0162,3069b
R,24196pr0003,24199
P,penupn0004pr0149,penupn0004
P,penupn0004pr0150,penupn0004
P,penupn0004pr0151,penupn0004
P,3626bpr0017,3626b
P,3069bpr0192,3069b
P,6309pr0137,6309
P,40380c01pr0004,40380c01
P,penupn0004pr0152,penupn0004
P,penupn0004pr0153,penupn0004
P,penupn0004pr0154,penupn0004
P,970c00pr1054,970c00
P,penupn0003pr0077,penupn0003
P,penupn0003pr0078,penupn0003
P,penupn0003pr0079,penupn0003
P,penupn0004pr0155,penupn0004
P,penupn0006pr0059,penupn0006
P,3626cpr1918,3626c
P,3626cpr1924,3626c
P,87693pr0001,87693
P,3626cpr1920,3626c
P,3005pr9914,3005
P,88646pr0002,88646
P,970c00pr1053,970c00
P,3626bpr0080,3626b
P,93056pr0001,93056
P,970c00pr1051,970c00
P,970c00pr1052,970c00
P,3626cpr1917,3626c
P,3626cpr1919,3626c
P,3626cpr1928,3626c
P,3626cpr1929,3626c
P,3626cpr1916,3626c
P,3626bpr0122,3626b
P,3626cpr1922,3626c
P,3626cpr1925,3626c
P,3626cpr1931,3626c
P,3626cpr1926,3626c
P,3626cpr1930,3626c
P,3626cpr1927,3626c
P,3626cpr1921,3626c
P,3010pr9959,3010
P,3626cpr1923,3626c
A,649pr0014,649pr0012
P,3626cpr1798,3626c
P,3070bpr0085,3070b
P,3068bpr0100,3068b
P,41747pr0009,41747
P,3626bpr0866,3626b
P,3626cpr1071,3626c
P,25269pr0005,25269
P,4150pr0030,4150
P,1022Apr0159,1022A
P,3010pr9984,3010
P,3626cpr1079,3626c
M,3626cpr0675,3626bpr0675
R,63777,63284
P,30127pr0001,30127
P,1022Apr0160,1022A
P,3626bpr1549,3626b
R,63776,63284
P,1022Apr0161,1022A
P,3626bpr0708,3626b
P,3008pr0017,3008
P,3961pr0007,3961
P,98653pr0003,98653
P,970x140pr1652,970x140
P,1021Apr0078,1021A
P,973pb0982,3814
P,973pss,3814
P,973pb1239,3814
P,973pb0105,3814
P,35649pr0003,35649
P,973pb0510,3814
P,6309pr0072,6309
R,59218pat0001,59217pat0001
P,3004pr9988,3004
T,21019c00pat004,21019c00
B,98113pr0001,98109c01pr0001
M,90463,30152pat0001
P,3626bpr0302,3626b
M,62885,55707a
P,51035pr0003,51035
P,3069bpr0168,3069b
P,45466pr0002,45466
P,6179pr0029,6179
B,6160,6160c03
R,6542b,18947
R,6542a,18947
P,31110pr0069,31110
P,31170pr0001,31170
P,3626cpr2037,3626c
P,3068bpr0298,3068b
P,3626bpr0318,3626b
P,3437pr0068,3437
P,6474pr9990,6474
P,3626cpr1784,3626c
P,3626cpr1782,3626c
P,3068bpr9850,3068b
P,3068bpr9981,3068b
P,3626cpr1790,3626c
P,3298pr0028,3298
P,970c00pr1138,970c00
P,3626cpr0816,3626c
P,3626cpr2040,3626c
P,14769pr1055,14769
P,3626bpr0249,3626b
P,3626cpr2044,3626c
P,970c00pr1137,970c00
P,98138pr0162,98138
B,98138pr0164,67216
P,3068bpr0306,3068b
P,32523pr0001,32523
P,25269pr0001,25269
P,3626cpr0992,3626c
P,44375bpr9997,44375b
P,31110pr0007,31110
P,61287pr0002,61287
P,4744pr0003,4744
P,2654pr0011,2654
P,4864apr0011,4864a
M,851b,851a
P,98138pr0025,98138
P,86500pr0003,86500
P,3070bpr0174,3070b
P,14769pr1062,14769
P,970x268pr0010,970x268
P,3899pr0009,3899
P,30366pr0003,30366
P,98138pr9999,98138
P,4066pr9995,4066
P,970c00pr0257,970c00
P,4066pr0225,4066
P,973c14h14pr3027,973c14h14
P,3626bpr0493,3626b
P,3626cpr1525,3626c
P,3626cpr1524,3626c
P,64867pr0003,64867
P,6309pr0066,6309
P,3068bpr0086,3068b
P,973c24h03pr3069,973c24h03
P,3068bpr0172,3068b
P,970c00pr0507,970c00
P,98138pr0032,98138
P,970x023pr0005,970x023
P,2431pr0069,2431
B,851b,850c02
B,20286b,20286c01
P,3626bpr0026,3626b
P,3626bpr0952,3626b
P,18746pr0001,18746
P,93070pr0006,93070
P,6131pr0001,6131
P,3626bpr1025,3626b
P,3010pr9945,3010
P,93587pr0003,93587
P,22385pr0007,22385
P,973pb0736,3814
P,2440pr0004,2440
P,973pb1321,3814
P,14769pr1019,14769
P,3626cpr9973,3626c
P,3069bpr0096,3069b
P,11408c01pr0113,11408c01
P,72824pr0003,72824
R,98112pr0001,98109c01pr0001
P,30603pr0012,30603
P,6259pr0001,6259
P,3070bpr0160,3070b
P,3004pr9977,3004
P,4066pr0102,4066
R,18946,18947
P,3298pr0006,3298
P,3070bpr0157,3070b
P,14769pr1031,14769
P,973c26h01pr0002,973c26h01
P,30603pr0015,30603
P,35962c03,35962
P,675pr0001,675
P,970c00pr0979,970c00
P,2490pr0009,2490
P,3626cpr1780,3626c
P,3626cpr1786,3626c
P,14pr0006,14
P,3626cpr1861,3626c
P,3039pr9996,3039
P,3678bpr0054,3678b
P,3069bpr0036,3069b
P,3068apr0001,3068a
P,87621pr0001,87621
P,970c00pr0990,970c00
P,973c03h01pr9999,973c03h01
P,3011pr9996,3011
P,3005pr9894,3005
P,970c00pr0992,970c00
P,374pr0003,374
P,4864apr0008,4864a
P,3626cpr1837,3626c
P,3626cpr1842,3626c
P,970c00pr0368,970c00
P,973c01h03pr9711,973c01h03
P,973c02h02pr0327,973c02h02
P,973c12h19pr0120,973c12h19
P,973c01h03pr0051,973c01h03
P,973c01h01pr0087,973c01h01
P,3626bpr0820,3626b
P,3626cpr8997,3626c
P,973c27h01pr0031,973c27h01
B,54703,54701c03
P,3070bpr9998,3070b
P,3626bpr0086,3626b
P,3626bpr0134,3626b
P,3626bpr1165,3626b
P,970c00pr0403,970c00
R,13699pr0001,11356pr0001
P,2440pr0005,2440
P,14769pr1010,14769
P,35649pr0002,35649
P,3626bpr1546,3626b
P,3298pr0018,3298
P,3070bpr9997,3070b
R,13699pr0001,11356pr0002
P,18973pr0002,18973
P,3010pr9957,3010
P,3004pr0021,3004
P,3626bpr0805,3626b
P,973pb1244,3814
P,4066pr0121,4066
P,973pb0121,3814
P,973pb0576,3814
P,88930pr0008,88930
P,6179pr0013,6179
P,45449pr0003,45449
P,14769pr1032,14769
R,32187,18947
P,3005pr9988,3005
P,14769pr1030,14769
P,3626cpr1797,3626c
P,973c03h01pr0005,973c03h01
P,25269pr0002,25269
P,3068bpr0293,3068b
A,76110c01,76110c02
P,3069bpr0169,3069b
P,35649pr0001,35649
P,3626cpr1841,3626c
P,3626cpr1839,3626c
P,3626cpr1835,3626c
P,3846pr0027,3846
P,3626cpr1836,3626c
P,3626cpr1834,3626c
P,3626cpr1833,3626c
P,3626cpr1838,3626c
P,3626cpr1830,3626c
P,3068bpr9901,3068b
A,76110c02,76110c05
P,970c00pr1000,970c00
A,76110c03,76110c04
P,3068bpr9900,3068b
P,1022Apr0157,1022A
P,970c00pr1001,970c00
P,970c00pr0998,970c00
P,1022Apr0158,1022A
P,1022Apr0162,1022A
P,970c00pr0993,970c00
P,1022Apr0163,1022A
P,970c00pr0747,970c00
P,3068bpr0320,3068b
P,98138pr0074,98138
P,22385pr0016,22385
P,22385pr0018,22385
P,57895pr0004,57895
P,3069bpr0043,3069b
P,2525pr0007,2525
P,3626cpr0930,3626c
P,3626bpr0810,3626b
P,33326pr0001,33326
P,upn0244pr0003,upn0244
P,1022Apr0164,1022A
P,1022Apr0165,1022A
P,1022Apr0166,1022A
P,1022Apr0167,1022A
P,3070bpr9996,3070b
P,1022Apr0169,1022A
P,1022Apr0170,1022A
P,1022Apr0171,1022A
P,1022Apr0172,1022A
P,95351pr0001,95351
P,51725pr0002,51725
P,1022Apr0173,1022A
P,3626cpr1125,3626c
P,3626bpr0689,3626b
P,2446pr0027,2446
P,14769pr1012,14769
P,3070bpr9995,3070b
P,3626cpr3626,3626c
P,3626cpr3173,3626c
P,3001pr0038,3001
P,1022Apr0174,1022A
P,3846pr0014,3846
P,3010pr0019,3010
P,973pb0725,3814
P,973pb1400,3814
P,3009pr0013,3009
P,6179pr0014,6179
P,41854pr0007,41854
P,92817c01pr0004,92817
P,48995pr0003,48995
P,3626cpr3176,3626c
P,3003pr0052,3003
R,815,814
P,3068bpr0058,3068b
P,22385pr0027,22385
P,3009apr0016,3009a
P,90640pr0026,90640
P,30375pr0006,30375
P,35962c01,35962
R,10154,19017pr0001
P,54125pr0001,54125
P,3626cpr2495,3626c
P,970x140pr0114,970x140
R,37429,65253
R,19917,19916
B,3403,3403c01
B,3404,3403c01
P,31110pr0139,31110
P,973c14h14pr3796,973c14h14
P,970x154pr0438,970x154
P,970c00pr0625,970c00
P,970c00pr0529,970c00
P,970c00pr0692,970c00
P,970c00pr0575,970c00
P,970c00pr0632,970c00
P,970x026pr0122,970x026
P,3626cpr2502,3626c
P,3068bpr0366,3068b
P,93070pr0005,93070
P,970x001pr0003,970x001
B,54703,54701c02
P,970x001pr0423,970x001
P,970x025pr0001,970x025
P,970x021pr9999,970x021
P,30292pr0001,30292
P,3626cpr2503,3626c
P,4346pr0008,4346
R,92989pr0001,49242
P,72824pr0004,72824
R,88323,57520
P,3626bpr0389,3626b
P,42060pr0001,42060
P,3626cpr3181,3626c
P,11597pr0001,11597
P,24634pr0001,24634
P,3626cpr1817,3626c
P,30408pr0013,30408
T,93094pat0001,93094
P,42025pr0004,42025
P,973c14h14pr3625,973c14h14
P,3069bpr0103,3069b
P,3626cpr1796,3626c
P,3068bpr9849,3068b
P,3069bpr0157,3069b
P,32474pr1007,32474
P,3070bpr0155,3070b
P,14769pr1039,14769
P,66792pr0105,66792
P,30622pr0002,30622
P,91884pr0005,91884
P,3069bpr0166,3069b
P,3008pr0031,3008
A,973c14h02pr3053,973c14h01pr3451
P,2446pr0051,2446
P,3068bpr9848,3068b
P,41750pr0001,41750
P,3626bpr0752,3626b
P,3068bpr0130,3068b
P,11818pr0008,11818
P,3008apr0026,3008a
P,3626cpr1131,3626c
P,14222pr0007,14222
P,3008apr0031,3008a
P,3626bpr1543,3626b
P,3626bpr0577,3626b
P,970c00pr0031,970c00
P,3626bpr0233,3626b
P,22385pr0028,22385
P,3069bpr0028,3069b
P,35649pr0004,35649
P,3068bpr0352,3068b
P,3622pr9990,3622
P,4744pr0007,4744
P,3003pr0041,3003
P,3626bpr0950,3626b
P,973pb0180,3814
P,970c00pr0172,970c00
P,3626bpr0301,3626b
P,973pb0334,3814
P,3010pr9934,3010
P,31110pr0123,31110
P,973pb0050,3814
P,3062bpr0005,3062b
R,816,814
P,30626pr0001,30626
P,31110pr0145,31110
P,374pr0002,374
P,970x102pr0168,970x102
B,62604pat0001,62606pat0001
P,21561pr0001,21561
P,3005pr9969,3005
P,4066pr0187,4066
P,21561pr0002,21561
P,98835pr0004,98835
R,10124,19017pr0001
P,54125pr0002,54125
P,1022Apr0175,1022A
P,95351pr0006,95351
P,970x141pr0341,970x141
P,3626cpr3190,3626c
R,57518,57520
P,970x154pr0204,970x154
P,3008pr0015,3008
P,970c00pr0598,970c00
P,970c00pr0627,970c00
P,3626bpr0800,3626b
P,970c00pr0526,970c00
P,47423pr0006,47423
P,970c00pr0633,970c00
P,970c00pr0220,970c00
P,685pr0002,685
P,1022Apr0179,1022A
P,31110pr0125,31110
P,2586pr0007,2586
P,970x026pr0253,970x026
P,31193pr0001,31193
P,970x026pr0307,970x026
P,30144pr0020,30144
P,970x026pr0359,970x026
P,3626cpr1103,3626c
P,30144pr0015,30144
P,3626cpr3191,3626c
P,970x021pr9998,970x021
P,970x021pr0002,970x021
P,11597pr0002,11597
P,95228pr0004,95228
P,98138pr0053,98138
P,3003pr0027,3003
P,32474pr1008,32474
P,4150pr0043,4150
P,3070bpr0159,3070b
P,30144pr0035,30144
P,606pr0001,606
P,3623pr0013,3623
P,4858pr0005,4858
P,4744pr0019,4744
P,3626bpr0882,3626b
P,3068bpr0122,3068b
P,970c00pr0243,970c00
R,44812,44811
P,14769pr1014,14769
M,34076,12885
P,3626bpr0503,3626b
P,18907pr0001,18907
P,973c37h01pr0001,973c37h01
P,3626bpr0481,3626b
P,973ph5,3814
P,3062bpr0006,3062b
P,3626bpr0486,3626b
P,973c01h01pr4589,973c01h01
R,10154,10127
P,21561pr0003,21561
P,3008apr0002,3008a
P,87079pr0195,87079
R,88323,57519
P,970x199pr0567,970x199
P,973c01h01pr0014,973c01h01
P,2302pr0006,2302
P,970x141pr0376,970x141
P,4515pr0003,4515
P,970x194pr0198,970x194
P,2300pr0005,2300
P,970x154pr0437,970x154
P,970x154pr0595,970x154
P,970x140pr0290,970x140
P,970x106pr0109,970x106
P,3626bpr9983,3626b
P,3626bpr0328,3626b
P,30144pr0014,30144
P,970c00pr0304,970c00
P,970c00pr0580,970c00
P,3626bpr0040,3626b
P,3626cpr1831,3626c
P,973c01h01pr0015,973c01h01
P,970x026pr0641,970x026
P,970x026pr0306,970x026
P,970x026pr0514,970x026
P,970x026pr0393,970x026
P,973c34h12pr0001,973c34h12
P,970x026pr0003,970x026
P,970x024pr9999,970x024
P,3005pr9897,3005
P,3068bpr0294,3068b
P,3626cpr9768,3626c
P,2431pr0058,2431
P,32474pr1004,32474
P,3626cpr9767,3626c
B,16542,2584c09
P,3437pr0014,3437
P,3069bpr0167,3069b
P,3004pr0064,3004
P,3623pr0012,3623
P,3626cpr1869,3626c
P,3001pr0013,3001
P,970c00pr1019,970c00
P,3626cpr1870,3626c
P,970c00pr1022,970c00
P,970c00pr1025,970c00
B,16542,2584c05
P,3626cpr1875,3626c
R,89536,50859a
P,3068bpr0276,3068b
A,76110c01,76110c03
P,970c00pr1027,970c00
P,3626cpr1907,3626c
P,3626bpr9975,3626b
R,36470,36451a
P,3626cpr1908,3626c
R,66405pr0001,36451a
P,970c00pr1046,970c00
A,76110c04,76110c05
P,3065pr0058,3065
P,3626cpr1899,3626c
B,30192,2584c03
P,3626cpr1892,3626c
P,3626cpr1898,3626c
P,3004pr0066,3004
P,3626cpr1895,3626c
P,3626cpr1900,3626c
P,973c14h14pr4225,973c14h14
P,3626cpr1891,3626c
P,970c00pr0125,970c00
P,3626bpr0554,3626b
P,3039pr9949,3039
P,93551pr0001,93551
P,3068bpr0128,3068b
P,3068bpr0198,3068b
P,3010pr9961,3010
R,18908,18907
P,98138pr0031,98138
P,3626bpr0601,3626b
P,3626cpr0806,3626c
P,3678bpr0043,3678b
P,4162pr0016,4162
P,3069bpr0203,3069b
P,3626bpr1538,3626b
P,970x119pr0351,970x119
P,3001pr0041,3001
P,3002apr0005,3002a
M,15455,4080
P,973pb0931,3814
P,973pb1015,3814
P,973ph6,3814
P,973c03h02pr0345,973c03h02
P,30602pr0006,30602
P,41855pr0012,41855
P,41748pr0021,41748
P,21561pr0004,21561
P,970x192pr1644,970x192
R,57518,57519
P,973c03h01pr0243,973c03h01
P,970x154pr0442,970x154
R,18978a,18976
P,3660pr0001,3660
P,970x308pr0431,970x308
P,3437pr0058,3437
P,970x308pr0469,970x308
P,970x194pr0145,970x194
P,970x140pr0286,970x140
P,970c00pr0064,970c00
P,970c00pr0585,970c00
R,10124,10126
M,87585,2542
R,87913,11299
P,3626bpr0295,3626b
P,31110pr0121,31110
P,970c00pr1895,970c00
P,25269pr0004,25269
P,14769pr0086,14769
P,970x026pr0481,970x026
P,970x026pr0573,970x026
P,15210pr0004,15210
P,4066pr0264,4066
P,51704pr0002,51704
P,970x026pr0637,970x026
P,970x026pr0002,970x026
P,3626cpr3196,3626c
R,44301a,44302b
P,970c00pr0458,970c00
R,44301b,44302b
P,3626bpr0592,3626b
P,30258pr0003,30258
R,89536,50859b
P,3678bpr0047,3678b
P,3004pr9975,3004
P,3068bpr0001,3068b
T,47847pat0001,47847
P,3069bpr0171,3069b
P,98138pr0050,98138
P,3437pr0011,3437
P,3626cpr3210,3626c
P,3626cpr1827,3626c
P,30161pr0001,30161
P,22385pr0019,22385
P,4744pr0014,4744
P,24782pr0001,24782
P,3626cpr9999,3626c
P,32474pr1003,32474
P,3069bpr0165,3069b
P,3626cpr1896,3626c
P,3626bpr9974,3626b
P,973c14h14pr9870,973c14h14
B,30192,2584c07
P,24093pr0023,24093
A,76110c01,76110c04
A,76110c01,76110c05
P,3626bpr0025,3626b
P,85974pr0006,85974
P,3626bpr0235,3626b
P,31193pr0002,31193
P,3005pr9905,3005
P,21849pr0001,21849
P,3068bpr0084,3068b
P,6179pr0007,6179
P,3626bpr0611,3626b
P,970c00pr0463,970c00
P,3068bpr0149,3068b
P,3846pr0021,3846
P,87079pr0196,87079
P,1022Apr0176,1022A
P,30258pr0005,30258
P,3068bpr9847,3068b
P,3626bpr1028,3626b
P,973pb1429,3814
P,970d03pr0302,970d03
P,973pb0437,3814
P,32533pr0437,32533
P,3437pr0101,3437
P,3005pr0012,3005
P,3039pr0023,3039
P,3626cpr2257,3626c
P,3068bpr0023,3068b
P,87079pr0037,87079
P,4088pr0006,4088
P,30474pr0001,30474
P,970x324pr0432,970x324
P,1022Apr0177,1022A
P,45449pr0004,45449
P,970x194pr0199,970x194
P,45449pr0010,45449
P,970c00pr0602,970c00
P,970c00pr0559,970c00
R,87913,4207
P,970x026pr0643,970x026
P,4066pr0199,4066
P,970x005pr0246,970x005
P,970x023pr0110,970x023
P,93056pr0003,93056
P,3010pr0918,3010
P,3626cpr1014,3626c
P,3678bpr0052,3678b
P,3626cpr1832,3626c
P,24782pr0002,24782
P,3626cpr2482,3626c
P,50747pr0011,50747
P,18973pr0003,18973
P,98138pr0052,98138
P,44375bpr0001,44375b
P,3626cpr1826,3626c
P,970c00pr0983,970c00
P,970c00pr0984,970c00
P,3068bpr9899,3068b
P,3003pr0043,3003
P,970c00pr0985,970c00
P,3626cpr2483,3626c
P,4867pr0002,4867
P,15068pr0006,15068
P,87079pr0199,87079
P,3626cpr1743,3626c
P,3626cpr1748,3626c
P,649pr0007,649
P,1022Apr0178,1022A
P,3626cpr0793,3626c
P,4199pr0002,4199
P,6309pr0131,6309
P,3626bpr0652,3626b
P,3626cpr2484,3626c
P,3622pr9994,3622
P,970c00pr0348,970c00
P,3297pr0021,3297
P,32296pr0001,32296
P,2446pr0049,2446
P,2446pr0035,2446
P,970c00pr0342,970c00
P,1022Apr0180,1022A
M,brickslot2x3b,brickslot2x3
A,brickslot2x3b,3002b
A,brickslot2x3c,3002a
M,brickslot2x3c,brickslot2x3
P,31193pr0004,31193
P,3626bpr0156,3626b
P,3626bpr0176,3626b
P,3068bpr0097,3068b
P,41748pr0015,41748
P,3626bpr0908,3626b
P,4162pr0013,4162
P,3626bpr0326,3626b
P,970c00pr0201,970c00
P,2654pr0005,2654
P,3001pr0024,3001
P,776pr0002,776
P,970x192pr0123,970x192
R,87913,15118
P,3245cpr0139,3245c
P,2345pr0005,2345
P,973pb0174,3814
P,3626bpr0359,3626b
P,973pb1305,3814
P,40374pr0003,40374
P,3008pr0002,3008
P,3069bpr0227,3069b
P,973pb0212,3814
P,970x199pr0525,970x199
P,970x199pr0118,970x199
P,970x199pr0314,970x199
R,18978b,18976
P,970x192pr0244,970x192
P,3010pr0020,3010
P,3009pr0035,3009
B,62605pr0001,62606pat0001
P,970x141pr0375,970x141
P,970c00pr0642,970c00
P,3245bpr0004,3245b
P,970x026pr0169,970x026
P,970x026pr0155,970x026
P,3626bpr0529,3626b
P,3626bpr0760,3626b
P,63864pr0001,63864
P,970x026pr0719,970x026
P,970x028pr0444,970x028
P,98138pr0059,98138
P,3004pr9971,3004
P,98138pr0058,98138
P,6309pr0068,6309
T,23989pat0003,23989
P,3626cpr1828,3626c
P,3626cpr1740,3626c
P,896pr0001,896
P,98138pr0069,98138
P,30126pr0001,30126
P,98138pr0070,98138
P,3005pr9927,3005
P,50747pr0012,50747
P,3069bpr0160,3069b
P,14718pr0004,14718
P,14718pr0005,14718
P,18973pr0004,18973
P,3069bpr0163,3069b
P,3070bpr0166,3070b
P,3068bpr0304,3068b
P,14718pr0006,14718
P,14769pr0021,14769
P,90398pr0011,90398
P,3626cpr1849,3626c
P,63864pr0007,63864
P,3626bpr0283,3626b
P,15068pr0007,15068
P,63864pr0006,63864
P,4444pr0009,4444
P,3039pr9967,3039
P,3626bpr0095,3626b
P,4066pr0190,4066
P,98388pr0008,98388
P,63864pr0008,63864
P,4162pr0047,4162
P,3068bpr0286,3068b
P,3068bpr0299,3068b
P,3068bpr0297,3068b
P,3068bpr0303,3068b
P,3069bpr0148,3069b
P,14769pr1054,14769
P,14769pr1051,14769
P,3070bpr0161,3070b
P,3068bpr0300,3068b
P,42025pr0002,42025
P,3626cpr1033,3626c
P,4865apr0004,4865a
P,2431pr0033,2431
P,3068bpr0153,3068b
P,3068bpr0190,3068b
R,41750pr0002,41749pr0002
P,3005pr9972,3005
M,36h,36
P,98603s01pr0003,98603
P,3626bpr9964,3626b
P,973c14h14pr4358,973c14h14
P,3068bpr0148,3068b
P,30650pr0004,30650
P,87568pr0003,87568
P,4066pr0126,4066
P,2336pr0005,2336
P,87079pr0143,87079
P,3626bpr0526,3626b
P,973pb0928,3814
P,973pb0937,3814
P,973pb0592,3814
P,3009pr0014,3009
P,87587pr0001,87587
P,3626bpr0440,3626b
P,970x199pr0609,970x199
P,970x199pr0144,970x199
P,973c27h01pr0032,973c27h01
P,970c00pr0563,970c00
R,62604pat0001,62605pr0001
P,970x026pr0366,970x026
P,970x026pr0441,970x026
P,970x026pr0644,970x026
P,67095pr0001,67095
P,970x001pr0480,970x001
P,3068bpr0059,3068b
P,30350bpr0002,30350b
P,3626cpr1829,3626c
P,970c00pr1139,970c00
P,93217pr0002,93217
A,76110c02,76110c03
P,50747pr0013,50747
P,3626cpr2053,3626c
P,18973pr0005,18973
P,3626bpr0514,3626b
P,98138pr0037,98138
P,42061pr0008,42061
P,30156pr0005,30156
P,14769pr1040,14769
P,63864pr0010,63864
P,31213pr9995,31213
T,18396pat0003,18396
P,3626bpr9955,3626b
P,3626bpr0125,3626b
P,3626bpr0120,3626b
P,3004pr9991,3004
P,87610pr2015,87610
P,970c00pr0001,970c00
R,18907pr0001,18908
P,6214pr0001,6214
P,4215bpr0005,4215b
P,970c00pr1194,970c00
P,3626cpr2124,3626c
P,3626cpr9991,3626c
P,3626cpr2126,3626c
P,3626cpr2123,3626c
P,30144pr0010,30144
T,37779c01,37779c00
P,970c00pr1195,970c00
P,31110pr0119,31110
P,22385pr0020,22385
P,14769pr1034,14769
P,14769pr1045,14769
P,3626cpr9998,3626c
P,3626cpr9997,3626c
P,3626cpr9996,3626c
P,upn0228pr0007,upn0228
P,67095pr0002,67095
P,30603pr0009,30603
P,3004pr0068,3004
P,3070bpr0080,3070b
P,970c00pr0349,970c00
P,47759pr0004,47759
P,30250pr0003,30250
P,3626bpr0885,3626b
P,3626cpr0579,3626c
P,3068bpr9898,3068b
P,3626bpr0949,3626b
P,3626bpr0898,3626b
B,6139040a,25342
P,11818pr0007,11818
P,3626cpr1049,3626c
P,970c00pr0989,970c00
P,6309pr0069,6309
P,3009apr0029,3009a
P,3009apr0025,3009a
P,3068bpr0083,3068b
P,41748pr0019,41748
P,3811pr0002,3811
R,3821pr0002,3822pr0002
P,970x297pr0584,970x297
P,3039pr0019,3039
P,45406pr0002,45406
P,4150pr0015,4150
P,970x199pr0394,970x199
P,13392pr0001,13392
P,970x135pr0607,970x135
P,970c00pr0518,970c00
P,3626cpr1840,3626c
P,970x026pr0638,970x026
P,970x021pr0164,970x021
P,970x021pr0001,970x021
P,970x028pr0012,970x028
P,3626cpr1862,3626c
P,31110pr0138,31110
P,3070bpr0162,3070b
P,31333pr0005,31333
R,15392,23922
P,87079pr0019,87079
P,3068bpr0143,3068b
P,11203pr0008,11203
P,42060pr0003,42060
P,3626bpr0596,3626b
P,11818pr0009,11818
P,11818pr0010,11818
P,30603pr0017,30603
P,1022Apr0181,1022A
P,98138pr0049,98138
P,1022Apr0185,1022A
P,11203pr0013,11203
P,3039pr0020,3039
P,3070bpr0163,3070b
P,3626bpr0088,3626b
P,3626cpr1635,3626c
P,3068bpr9897,3068b
P,4858pr0001,4858
P,98138pr9989,98138
P,3068bpr9896,3068b
P,21019c00pat004pr0003,21019c00pat004
P,4066pr0234,4066
P,970c00pr9941,970c00
P,3068bpr9895,3068b
P,4066pr0222,4066
P,87079pr0088,87079
P,3596pr0005,3596
P,1022Apr0188,1022A
P,87079pr0061,87079
P,34103pr0001,34103
P,3068bpr9894,3068b
P,970c00pr1012,970c00
P,3626cpr1860,3626c
P,27382pr0004,27382
P,3068bpr9893,3068b
P,3068bpr9892,3068b
P,16497pr0003,16497
P,2490pr0008,2490
P,3298pr0022,3298
P,3070bpr0164,3070b
P,21561pr0008,21561
P,24118pr0001,24118
R,23800,23799
P,3626cpr1865,3626c
P,3068bpr9891,3068b
P,30633pr0004,30633
P,3068bpr9890,3068b
P,3626cpr1873,3626c
P,98138pr0163,98138
P,3245bpr0002,3245b
P,2490pr0004,2490
P,3960pr0007,3960
P,42604pr0001,42604
P,43898pr0003,43898
P,3678bpr0023,3678b
P,30602pr0032,30602
P,973c03h03pr9998,973c03h03
B,38165a,38165c01
R,38165b,38165a
P,3626bpr1060,3626b
P,30370pr0016,30370
P,14769pr1016,14769
P,98138pr0153,98138
P,3001pr0028,3001
P,98057pr0003,98057
P,973pb0706,3814
P,973pb0089,3814
P,973pb0117r,3814
P,32439apr0002,32439a
P,973pb0270,3814
P,4864apr0004,4864a
P,4864apr0005,4864a
P,48494pr0006,48494
P,973pb0473,3814
P,970x154pr0369,970x154
P,2335pr0014,2335
P,608pr0001,608
P,3011pr0014,3011
P,2335pr0030,2335
P,6179pr9988,6179
P,970x140pr0299,970x140
P,970c00pr0065,970c00
P,970x026pr0735,970x026
R,3822pr0004,3821pr0004
M,3049d,3049a
P,3068bpr9855,3068b
P,3068bpr9846,3068b
P,98138pr0046,98138
P,4150pr0047,4150
P,3068bpr9845,3068b
P,4215apr0005,4215a
T,41163pat0001,41163
P,11203pr0012,11203
P,4066pr0257,4066
R,25304pr0001,24199
P,3068bpr9844,3068b
P,14769pr1050,14769
P,3068bpr0049,3068b
P,14769pr1048,14769
P,57895pr0011,57895
P,3068bpr0292,3068b
P,3626cpr1856,3626c
P,14769pr1067,14769
P,3070bpr0165,3070b
P,6069pr0002,6069
P,87079pr0090,87079
P,30408pr0011,30408
P,87079pr0094,87079
P,87079pr0093,87079
P,21561pr0005,21561
R,2871a,70358
P,21561pr0007,21561
P,87079pr0091,87079
P,98138pr0055,98138
P,87079pr0098,87079
P,970c00pr0456,970c00
P,24118pr0002,24118
A,76110c02,76110c04
A,76110c03,76110c05
P,22385pr0021,22385
P,11477pr0001,11477
P,4740pr0002,4740
P,14769pr1061,14769
P,14769pr1059,14769
P,3069bpr0179,3069b
P,3005pr9896,3005
P,98138pr0154,98138
R,50305,50304
R,3822pr0003,3821pr0004
P,2335pr0027,2335
P,3626cpr1903,3626c
R,3822pr0007,3821pr0004
P,3626cpr1901,3626c
P,85984pr0004,85984
P,3062bpr0007,3062b
R,3822pr0005,3821pr0005
P,16925c01pr0104,16925
P,14769pr1071,14769
P,4162pr0050,4162
P,3005pr9912,3005
P,3005pr9929,3005
P,3626cpr0043,3626c
P,3040bpr0010,3040b
P,3062bpr9992,3062b
P,93552pr0001,93552
P,33009pr0003,33009
P,41748pr0013,41748
P,3626bpr0534,3626b
P,87079pr0039,87079
P,14769pr1083,14769
P,6131pr0004,6131
P,3626bpr0671,3626b
P,41749pr0002,41749
P,87079pr0004,87079
P,4162pr0004,4162
P,3009apr0019,3009a
P,3009apr0012,3009a
P,14734pr0002,14734
P,970x154pr0170,970x154
P,98057pr0001,98057
P,973pb0168,3814
R,4209,4208
P,970x268pr0001,970x268
P,973c03h27pr0232,973c03h27
P,3298pr0010,3298
P,973c03h03pr1274,973c03h03
P,3622pr9995,3622
P,970x026pr0520,970x026
P,970x005pr0119,970x005
P,970x028pr0419,970x028
P,98138pr0155,98138
P,11260pr0003,11260
P,970c00pr0154,970c00
T,973c03h03,973c00
A,88760c02pr0002,88760c02pr0001
P,98138pr0047,98138
P,3069bpr0158,3069b
P,3069bpr0070,3069b
P,57895pr0012,57895
P,3626bpr0309,3626b
P,30408pr0012,30408
P,21561pr0006,21561
P,3437pr0012,3437
P,3068bpr9949,3068b
P,2431pr0080,2431
R,24118pr0002,24118pr0001
P,4066pr0233,4066
P,973c03h03pr1276,973c03h03
P,4066pr0154,4066
P,3437pr0036,3437
P,3626cpr1876,3626c
T,41163pat0002,41163
A,54007c02,54007c03
P,65428pr0001,65428
P,973c03h03pr1420,973c03h03
P,973c03h03pr1411,973c03h03
P,973c28h03pr0132,973c28h03
P,973c28h03pr0077,973c28h03
P,31111pr0019,31111
P,30367cpr1008,30367c
P,57900pr0002,57900
P,4865bpr0001,4865b
R,41748pr0005,41747pr0005
P,14769pr1043,14769
P,3846pr0030,3846
P,14769pr1044,14769
P,973c03h03pr1391,973c03h03
P,32310pr0007,32310
P,3622pr9989,3622
P,970c00pr1057,970c00
P,3437pr0037,3437
P,15068pr0009,15068
P,15875c01pr0012,15875
P,3069bpr0172,3069b
P,41855pr0008,41855
P,973c14h12pr9676,973c14h12
P,3626cpr1962,3626c
P,3626cpr1989,3626c
P,3068bpr9889,3068b
P,28628apr0002,28628a
P,3626cpr1985,3626c
P,970c00pr1094,970c00
P,30261pr0004,30261
P,1022Apr0182,1022A
P,30276pr0001,30276
P,3626cpr1987,3626c
P,30144pr0032,30144
P,4865apr0001,4865a
P,3070bpr0100,3070b
P,3626bpr0709,3626b
P,3960pr9989,3960
P,3960pr9977,3960
P,3960pr0024,3960
P,3626bpr0445,3626b
P,1022Apr0183,1022A
P,98138pr0161,98138
P,3626bpr0222,3626b
P,3960pr0019,3960
P,4066pr9982,4066
P,3005pr9993,3005
A,54007c02,54007c01
P,970x154pr0066,970x154
P,970x154pr0318,970x154
P,4066pr9994,4066
P,970x268pr0591,970x268
P,970x221pr0524,970x221
P,43711pr0001,43711
P,970x138pr0562,970x138
P,3626bpr9973,3626b
M,15456,67324
P,30144pr0028,30144
P,14769pr1047,14769
P,87079pr0089,87079
P,87079pr0100,87079
P,92262pr0001,92262
P,3068bpr0156,3068b
P,3001pr0009,3001
P,87079pr0099,87079
P,24593pr0001,24593
R,15392,15403
P,3069bpr0291,3069b
P,90638pr0004,90638
P,3003pr0028,3003
P,3003pr0030,3003
P,3003pr0031,3003
P,3003pr0033,3003
P,4865bpr0002,4865b
P,3069bpr0129,3069b
T,37783c01,37783c00
P,11602pr0002,11602
P,973c14h12pr1146,973c14h12
P,30118pr0001,30118
P,30119pr0001,30119
P,3626bpr9952,3626b
P,30120pr0001,30120
P,3068bpr0363,3068b
P,3297pr0003,3297
P,3437pr0033,3437
P,3626bpr0267,3626b
P,3626bpr0266,3626b
P,3660pr0003,3660
P,54754pr0001,54754
P,30116pr0001,30116
P,30230pr0002,30230
P,4150pr0036,4150
P,40382c01pr0002,40382c01
P,4066pr0194,4066
P,3626bpr0081,3626b
P,3626bpr0182,3626b
P,970c00pr0289,970c00
P,30459pr0002,30459
P,6474pr9994,6474
P,4162pr0026,4162
P,2340pr0004,2340
P,970x102pr0165,970x102
P,973pb0460,3814
P,973pb0603,3814
P,973c14h12pr1174,973c14h12
P,973c14h12pr1628,973c14h12
P,2345pr0006,2345
P,2546pr0001,2546
P,3626bpr0943,3626b
P,92263pr0001,92263
P,3068bpr0183,3068b
P,970c00pr0439,970c00
P,42061pr0001,42061
P,3626bpr0808,3626b
P,25264pr0001,25264
R,15392,22487
R,87618,87617
P,3626bpr0977,3626b
P,11538pr0003,11538
P,2582pr0001,2582
P,33201pr0001,33201
P,90638pr0005,90638
P,3069bpr0022,3069b
P,3068bpr0287,3068b
P,4865bpr0003,4865b
P,973c01h01pr1950,973c01h01
P,2335pr0010,2335
R,11297,11293
P,2468pr0002,2468
P,970c00pr0040,970c00
P,2446pr0013,2446
P,3626cpr1820,3626c
B,38165b,38165c01
P,3626cpr1855,3626c
P,3068bpr0203,3068b
P,3626cpr1822,3626c
P,973c14h12pr1172,973c14h12
P,973c14h12pr4697,973c14h12
P,3626cpr1799,3626c
P,973c01h01pr2925,973c01h01
A,3660,3660b
M,3660a,3660b
P,32533pr0253,32533
P,54754c01pr0001,54754c01
P,973c03h03pr1342,973c03h03
P,3068bpr9843,3068b
P,970c00pr1068,970c00
P,51547pr0010,51547
P,3068bpr9887,3068b
P,3297pr0012,3297
P,3068bpr9886,3068b
P,3068bpr9885,3068b
P,3068bpr0494,3068b
P,3626cpr1988,3626c
P,3626cpr1965,3626c
P,3626cpr1963,3626c
P,3626cpr1966,3626c
P,3626cpr1967,3626c
P,41835pr0001,41835
P,3626cpr1771,3626c
P,3626cpr1964,3626c
P,970c00pr0041,970c00
P,3039pr0026,3039
P,3068bpr9884,3068b
P,3068bpr0493,3068b
P,3626bpr0052,3626b
P,3069bpr0321,3069b
P,3626bpr0051,3626b
P,3069bpr0320,3069b
P,777pr0013,777
P,30474pr0003,30474
P,clikupn0063pr0002,clikupn0063
P,15210pr0003,15210
P,3626bpr9956,3626b
P,3626bpr0220,3626b
P,970c00pr0977,970c00
P,970c00pr0981,970c00
P,6394pr0002,6394
A,54007c03,54007c01
P,98138pr0203,98138
P,3626cpr1858,3626c
P,3626bpr0242,3626b
B,98138pr0203,73095
R,92909,23801
P,3626cpr1893,3626c
P,98138pr0204,98138
P,3626bpr0458,3626b
P,98834pr0004,98834
R,26287,18947
P,3626cpr1934,3626c
P,42604pr0002,42604
P,3068bpr0094,3068b
P,3068bpr0101,3068b
P,3068bpr0111,3068b
P,4066pr0114,4066
P,4215bpr0006,4215b
P,3068bpr0321,3068b
P,4066pr0256,4066
P,3009apr0022,3009a
P,98138pr0033,98138
P,98162pr0002,98162
P,3626bpr0539,3626b
P,98386pr0001,98386
R,62604pat0002,62605pr0002
P,970x199pr0254,970x199
P,970x028pr0108,970x028
P,87994pr0002,87994
R,92263pr0001,92262pr0001
P,3626bpr0645,3626b
P,3626bpr0612,3626b
R,15392,20105
B,3816,970c00
R,23947pr0001,23851
P,21560pr0002,21560
P,2586pr0004,2586
P,4162pr0045,4162
P,14769pr9993,14769
P,11818pr0011,11818
P,14769pr1046,14769
P,3626cpr9796,3626c
P,2431pr0150,2431
P,31110pr0120,31110
P,3003pr0017,3003
P,98138pr0164,98138
P,3626cpr9822,3626c
P,92586pr0006,92586
P,60603pr0005,60603
P,26603pr0001,26603
A,60219,30283
P,4346pr0012,4346
P,15068pr0018,15068
P,24246pr0001,24246
P,3626cpr9949,3626c
B,54754,54754c01
P,2586pr0018,2586
P,3626bpr0096,3626b
P,3626bpr0109,3626b
R,10063,10061
P,4088pr0005,4088
P,2586pr0020,2586
P,47457pr0001,47457
P,3068bpr0378,3068b
P,31110pr0103,31110
P,3626bpr0282,3626b
P,31110pr0101,31110
P,22385pr0022,22385
P,3623pr0030,3623
P,970c00pr1153,970c00
P,3626cpr2065,3626c
P,3626cpr2078,3626c
P,3626cpr2077,3626c
P,3626cpr2072,3626c
P,3626cpr2068,3626c
P,3626cpr2067,3626c
P,4346pr0016,4346
P,3068bpr0067,3068b
P,4209pr0001,4209
P,973c01h01pr9998,973c01h01
P,3626cpr9795,3626c
P,3626cpr9794,3626c
P,973c01h01pr9997,973c01h01
P,3068bpr9883,3068b
P,3008pr0035,3008
P,3626bpr0642,3626b
P,3626cpr0912,3626c
P,3960pr9975,3960
P,3960pr9990,3960
P,3626bpr0884,3626b
P,30602pr0033,30602
P,3068bpr0234,3068b
P,3626bpr0755,3626b
P,3626bpr1065,3626b
P,3626bpr1070,3626b
P,3626cpr0325,3626c
P,31213pr0030,31213
P,970x154pr0397,970x154
P,3070bpr0003,3070b
P,3754pr0006,3754
P,3069bpr0124,3069b
P,98162pr0003,98162
P,3009apr0037,3009a
P,970c00pr0183,970c00
P,973c03h03pr1340,973c03h03
P,3626cpr1130,3626c
P,973pb0624,3814
P,61287pr0001,61287
P,3009apr0030,3009a
B,62604pat0002,62606pat0002
P,970c00pr0062,970c00
P,970x199pr0232,970x199
P,3001pr0011,3001
P,11055pr0013,11055
B,24308a,24308
P,85984pr0143,85984
P,4162pr0076,4162
B,30395,2584c04
P,747c01pr0004,747
P,3039pr9957,3039
P,upn0315pr0001,upn0315
P,3004pr0020,3004
P,14769pr0081,14769
P,4162pr0044,4162
P,41854pr0001,41854
P,98138pr0078,98138
P,973c01h01pr2773,973c01h01
P,3068bpr0424,3068b
P,30633pr0001,30633
P,3069bpr0038,3069b
P,970c00pr1058,970c00
P,3626cpr1935,3626c
P,3626cpr1944,3626c
P,3626bpr0044,3626b
P,3626cpr1943,3626c
B,54754pr0001,54754c01pr0001
P,3068bpr0055,3068b
P,970x023pr9999,970x023
P,3626cpr1942,3626c
P,3437pr0031,3437
P,970c00pr1072,970c00
R,18449,18453
B,30395,2584c08
P,30164pr0001,30164
P,3437pr0045,3437
P,970c00pr1085,970c00
P,4215apr0013,4215a
P,970c00pr1086,970c00
P,3626bpr0104,3626b
P,970c00pr1073,970c00
P,3626bpr0177,3626b
P,3626cpr1941,3626c
P,3626bpr0219,3626b
P,973c03h03pr3341,973c03h03
P,973c01h01pr3815,973c01h01
P,973c01h01pr2605,973c01h01
P,3678apr0002,3678a
P,973c01h01pr2588,973c01h01
P,970c00pr1074,970c00
P,3068bpr9842,3068b
P,3626cpr1961,3626c
P,3626cpr1983,3626c
P,3626cpr1984,3626c
P,970c00pr1093,970c00
P,3068bpr9841,3068b
P,970c00pr1092,970c00
P,973c01h01pr1664,973c01h01
P,777pr0003,777
P,4215bpr0001,4215b
P,3626cpr1981,3626c
P,3068bpr9840,3068b
B,2650,2584c06
P,970c00pr1089,970c00
P,3626cpr1958,3626c
P,3626cpr1957,3626c
P,3298pr0052,3298
P,3626cpr1956,3626c
P,3069bpr0094,3069b
P,970c00pr0010,970c00
P,970c00pr0162,970c00
P,3039pr9980,3039
P,3960pr9988,3960
P,2507pr0001,2507
P,3070bpr0095,3070b
P,3070bpr0039,3070b
P,3062bpr9998,3062b
P,61068pr0001,61068
P,3437pr0085,3437
P,50990apr0003,50990a
P,30602pr0026,30602
P,98130pr0002,98130
P,6474pr0012,6474
P,87079pr0017,87079
P,30375pr0005,30375
P,98162pr0009,98162
P,973pb0303,3814
P,49311pr0001,49311
P,6111pr0001,6111
P,973pb1399,3814
P,31110pr0075,31110
P,2431pr0028,2431
P,3626cpr1119,3626c
P,3067pr0006,3067
P,970c00pr0380,970c00
P,4150pr0025,4150
P,3001pr0021,3001
P,98569pr0009,98569
P,33009pr0008,33009
P,973pb0063,3814
P,49311pr0004,49311
P,31110pr0124,31110
B,62605pr0002,62606pat0002
P,970x192pr0601,970x192
P,4182pr0009,4182
P,2446pr0030,2446
B,24308b,24308
P,14769pr1066,14769
P,970x028pr0184,970x028
P,3437pr0003,3437
P,6180pr0009,6180
P,970c00pr0018,970c00
P,clikupn0065apr0003,clikupn0065a
P,4066pr0168,4066
P,3008pr0004,3008
P,2525pr0008,2525
P,48288pr0002,48288
P,4162pr0043,4162
P,15875c01pr0013,15875
T,41163pat0003,41163
P,31110pr0018,31110
R,24196pr0004,24199
P,31111pr0021,31111
P,30372pr0002,30372
P,973c27h01pr4790,973c27h01
P,973c27h01pr4792,973c27h01
P,973c03h03pr0811,973c03h03
P,4895pr0001,4895
T,41159pat0001,41159
P,3003pr0155,3003
P,20952pr0001,20952
P,11538pr0005,11538
P,35394pr1007,35394
P,85984pr0006,85984
P,17485pr0002,17485
P,31110pr0100,31110
B,2651,2584c06
P,3626bpr0130,3626b
P,3626bpr0198,3626b
P,1022Apr0184,1022A
P,3626bpr0536,3626b
P,30118pr0002,30118
P,970c00pr0425,970c00
P,14pr0001,14
P,3068bpr0421,3068b
P,3626bpr9970,3626b
P,98138pr0036,98138
P,3626cpr0279,3626c
P,3437pr0032,3437
P,3437pr0041,3437
P,43898pr0001,43898
P,98341pr0003,98341
P,41749pr0001,41749
P,649pr0005,649
P,2446pr0042,2446
P,98163pr0002,98163
R,429c02,upn0259c01
P,970x192pr0640,970x192
P,98107pr0008,98107
P,3626bpr0843,3626b
P,3008apr0024,3008a
P,973p75,3814
P,3067pr0003,3067
P,2437pr0001,2437
P,970c00pr0247,970c00
P,3626bpr0564,3626b
P,3626bpr0688,3626b
P,3626cpr0900,3626c
P,2587pr0030,2587
P,970c00pr0406,970c00
P,3626cpr1906,3626c
P,3001pr0029,3001
P,3626bpr0839,3626b
P,4066pr0156,4066
P,3626cpr1905,3626c
P,60483pr0001,60483
P,3003pr0038,3003
P,4150pr0033,4150
R,24196pr0001,24199
R,26272,26271
P,14769pr1049,14769
P,747c01pr0001,747
P,3068bpr0030,3068b
P,31110pr0102,31110
P,3626cpr2063,3626c
P,2654pr0010,2654
P,30601pr0006,30601
P,1022Apr0192,1022A
R,24314c01,24312
P,970c00pr9831,970c00
R,2594,2446
P,973c12h12pr2510,973c12h12
P,970c00pr0980,970c00
P,22385pr0008,22385
P,3626cpr2064,3626c
P,98138pr0165,98138
P,3939pr0001,3939
P,15875c01pr0102,15875
P,87079pr0043,87079
P,33243pr0001,33243
P,3626cpr2122,3626c
P,973c09h01pr3639,973c09h01
R,433c01,upn0274c02
P,4744pr0039,4744
P,970c00pr1192,970c00
R,upn0089,upn0042
P,3626cpr2119,3626c
P,3626cpr2155,3626c
P,3626cpr2120,3626c
P,3626bpr0108,3626b
P,3626bpr0129,3626b
P,29541pr0001,29541
P,6177bpr0007,6177b
P,3070bpr0048,3070b
P,6309pr0098,6309
P,3626bpr0841,3626b
P,61287pr0003,61287
P,3068bpr0120,3068b
P,3068bpr0150,3068b
P,3069bpr0127,3069b
P,3068bpr0170,3068b
P,98569pr0008,98569
P,2528pr0003,2528
P,3626bpr0835,3626b
P,970c00pr0401,970c00
P,98163pr0001,98163
P,3626bpr0737,3626b
P,47844pr0003,47844
P,3039pr9960,3039
P,973pb1002,3814
P,973pb1367,3814
P,3069bpr0080,3069b
P,3626bpr0777,3626b
P,970x001pr0596,970x001
P,3626bpr0770,3626b
P,970x028pr0002,970x028
P,3070bpr0158,3070b
R,2496,24312
P,22385pr0009,22385
P,3039pr9994,3039
P,3069bpr0023,3069b
P,3005pr9943,3005
P,3010pr9939,3010
P,3245apr0003,3245a
P,3005pr9989,3005
P,3004pr9992,3004
P,3626bpr0589,3626b
P,3005pr9944,3005
P,3664pr0026,3664
P,3437pr0047,3437
P,3005pr9945,3005
P,3626cpr0969,3626c
P,45410pr0001,45410
P,3626cpr2478,3626c
P,3001pr0119,3001
P,3069bpr0064,3069b
P,3626cpr1104,3626c
P,3070bpr0047,3070b
P,3070bpr0046,3070b
P,3626cpr0001,3626c
P,3068bpr0146,3068b
P,3626bpr0640,3626b
P,3626bpr9988,3626b
P,3069bpr0052,3069b
P,3009pr0052,3009
P,973c03h03pr0289,973c03h03
R,98163,98162
P,45449pr0005,45449
P,4088pr0002,4088
P,970x001pr0004,970x001
P,970c00pr0128,970c00
P,3626cpr0927,3626c
P,970c00pr0223,970c00
P,98163pr0003,98163
P,3009apr0034,3009a
P,3626bpr1175,3626b
P,973pb0842,3814
P,3069bpr0173,3069b
P,973pb0844,3814
P,3011pr0035,3011
P,4744pr0046,4744
P,3070bpr0154,3070b
P,22385pr0023,22385
P,3626bpr0284,3626b
P,6177bpr0008,6177b
P,3437pr0006,3437
P,6474pr9991,6474
P,3846pr0033,3846
P,32533pr0373,32533
P,973c03h03pr0236,973c03h03
P,970c00pr0009,970c00
P,3626bpr0118,3626b
A,96874,6007
P,85947pr0003,85947
P,4744pr0033,4744
P,11203pr0007,11203
P,970c00pr0353,970c00
P,42060pr0002,42060
P,3008pr0022,3008
P,3626cpr0387,3626c
P,4865apr0007,4865a
P,3626bpr0948,3626b
P,3626bpr0560,3626b
P,970c00pr0033,970c00
P,3070bpr0153,3070b
P,970c00pr0230,970c00
P,93597pr0007,93597
P,3009apr0039,3009a
P,98163pr0009,98163
P,973pb0407,3814
P,970x026pr0315,970x026
B,3817,970c00
P,4066pr9993,4066
P,3005pr9935,3005
P,3678apr0003,3678a
P,85984pr0024,85984
P,3010pr9956,3010
P,3009pr0063,3009
P,4215apr0017,4215a
P,3437pr0040,3437
P,973c22h03pr0002,973c22h03
P,3437pr0004,3437
P,2431pr0041,2431
P,6892c01pr0001,6892
P,970c00pr9796,970c00
P,970c00pr0279,970c00
P,66855pr0003,66855
P,3068bpr0425,3068b
P,970c00pr9795,970c00
P,3437pr9997,3437
P,3755pr0002,3755
P,30258pr0007,30258
P,3039pr9969,3039
P,3626cpr9766,3626c
P,4066pr0246,4066
P,upn0244pr0004,upn0244
P,42602pr0001,42602
P,3626bpr0317,3626b
P,3626cpr0892,3626c
P,2431pr0036,2431
P,3626cpr9765,3626c
P,87080pr0001,87080
P,3626bpr0559,3626b
P,30144pr0019,30144
P,2446pr0031,2446
P,3068bpr9839,3068b
A,94164,86444
P,973c03h03pr0200,973c03h03
P,973c22h01pr5399,973c22h01
P,11233pr0004,11233
P,47759pr0006,47759
P,3626bpr0878,3626b
P,3678bpr0069,3678b
P,2528pr0013,2528
P,2335pr0028,2335
P,31213pr9999,31213
P,970c00pr0182,970c00
P,41748pr0011,41748
P,973pb1149,3814
P,93273pr0017,93273
P,3626cpr9764,3626c
P,24093pr0007,24093
P,clikupn0065apr0004,clikupn0065a
P,970c00pr9794,970c00
P,4864bpr0009,4864b
P,747c02pr0003,747
P,3626bpr0786,3626b
P,30387pr0002,30387
P,clikupn0064pr0001,clikupn0064
P,2431pr0149,2431
P,27372pr0005,27372
P,747c01pr0002,747
P,47757pr0002,47757
P,3068bpr9956,3068b
P,47759pr0008,47759
P,48995pr0001,48995
P,777pr0006,777
A,32001,3795
P,3626bpr0106,3626b
P,3626bpr0111,3626b
P,3626bpr0202,3626b
P,3010pr9948,3010
P,3009pr0039,3009
P,3626bpr1020,3626b
P,3626cpr0794,3626c
P,4066pr0144,4066
P,19729pr2282,19729
P,4066pr0133,4066
P,4150pr0010,4150
P,3005pr9965,3005
P,98133pr0008,98133
P,970c00pr0347,970c00
B,85544,85557c01
P,3878pr0002,3878
P,3068bpr0121,3068b
P,3626bpr0469,3626b
P,24496pr0009,24496
P,18987pr0001,18987
P,3010pr9986,3010
P,24093pr0002,24093
P,85947pr0002,85947
A,65380,47508
M,67688,4488
P,64453pr0001,64453
P,3626bpr0533,3626b
P,970x308pr0321,970x308
A,4145c02pr0001,4145c01pr0001
P,973pb1213,3814
P,3626cpr2400,3626c
P,3626bpr0996,3626b
P,970c00pr0280,970c00
P,31110pr0020,31110
P,3626cpr2401,3626c
P,clikupn0065apr0005,clikupn0065a
P,31110pr0126,31110
P,3010pr9935,3010
P,3822pr0004,3822
P,970x021pr0285,970x021
P,40382c01pr0005,40382c01
P,4066pr0212,4066
P,3070bpr0223,3070b
P,4444pr0001,4444
P,973c03h03pr0166,973c03h03
P,48995pr0006,48995
P,3068bpr9834,3068b
A,brickslot2x3b,3002a
P,2335pr0006,2335
P,3005pr9924,3005
P,3070bpr0220,3070b
P,98138pr0166,98138
P,3626bpr0804,3626b
B,98138pr0166,67216
P,3626cpr1085,3626c
P,95228pr0001,95228
P,970c00pr0422,970c00
P,42061pr0002,42061
P,3626bpr0558,3626b
P,3437pr0010,3437
M,3049a,3049c
P,3298pr0051,3298
P,49311pr0002,49311
B,98138pr0165,67216
P,2552pr0003,2552
P,3009pr0034,3009
P,6474pr9977,6474
A,3709,3020
P,3626bpr0053,3626b
P,87552pr0006,87552
P,3626bpr0679,3626b
P,3626bpr0172,3626b
P,3626bpr0586,3626b
P,970c00pr0181,970c00
P,970c00pr0313,970c00
P,41747pr0012,41747
R,37783c00,37779c00
P,3626cpr2442,3626c
P,3626bpr0367,3626b
P,31110pr0127,31110
P,2335pr0002,2335
P,3626cpr2437,3626c
P,3069bpr0006,3069b
P,26603pr9999,26603
P,4150pr0035,4150
P,973pb1228,3814
P,3626cpr2443,3626c
A,973c32h19pr4680,973c32h19pr4466
R,24093pr0007,24324
R,24093pr0002,24324
P,32310pr0005,32310
P,2335pr0012,2335
P,3297pr0020,3297
P,2336pr0004,2336
P,2335pr0018,2335
P,747c01pr0005,747
P,1021Apr0079,1021A
P,3626bpr0173,3626b
P,2587pr0033,2587
P,4198pr9983,4198
R,85544,85557
B,4592,298c01
P,3626cpr1140,3626c
P,3010pr9932,3010
P,3003pr0054,3003
B,4592,298c02
P,4066pr0180,4066
B,4592,298c03
P,30182pr0003,30182
P,4346pr0004,4346
P,90639pr0016,90639
P,3070bpr0084,3070b
P,3678bpr0024,3678b
P,3068bpr0119,3068b
P,3626bpr0868,3626b
P,3024pr0004,3024
P,3069bpr0164,3069b
P,3004pr9989,3004
P,4066pr0158,4066
P,3009pr0061,3009
P,970c00pr1890,970c00
P,3298pr0039,3298
P,3626bpr0070,3626b
P,973pb0474,3814
P,970c00pr1402,970c00
P,970x005pr0248,970x005
P,31110pr0130,31110
P,973c27h01pr4798,973c27h01
P,970x028pr0532,970x028
P,3005pr9957,3005
P,41855pr0010,41855
P,30144pr0013,30144
P,30633pr0008,30633
P,3626cpr1118,3626c
P,41855pr0005,41855
P,3005pr9984,3005
R,32653,32652
P,3068bpr9881,3068b
P,2431pr0024,2431
P,3005pr9926,3005
P,2468pr0001,2468
P,3626cpr0932,3626c
P,93591pr0004,93591
P,4182pr0002,4182
P,30633pr0005,30633
P,970c00pr0248,970c00
R,2550,3818
P,970c00pr1913,970c00
R,2550,3819
P,4346pr0013,4346
P,4744pr0021,4744
P,41854pr0003,41854
P,3036apr0001,3036a
P,970c00pr0344,970c00
B,85557,85557c01
B,4592,298c04
B,4592,298c05
A,973c32h01pr4758,973c32h01pr3360
P,970c00pr1785,970c00
P,970c00pr1780,970c00
P,3678bpr0028,3678b
P,3068bpr9953,3068b
P,2431pr0027,2431
P,41747pr0020,41747
P,2552pr0001,2552
P,973c01h01pr1650,973c01h01
P,3068bpr9994,3068b
P,3009pr0007,3009
P,98569pr0005,98569
P,93606pr0002,93606
P,3626bpr0809,3626b
P,2340pr0002,2340
P,44375bpr9999,44375b
P,973pb0828,3814
P,3626bpr0784,3626b
P,973pb0133,3814
P,973pb0469,3814
P,3070bpr0027,3070b
P,973c03h03pr0165,973c03h03
P,3069bpr0161,3069b
P,3626bpr0799,3626b
P,970x005pr0576,970x005
P,87079pr0021,87079
B,85557,85489
B,4593,298c01
P,3003pr0049,3003
B,4593,298c02
P,4215apr0008,4215a
P,6213pr0011,6213
P,3068bpr9838,3068b
P,3068bpr9837,3068b
P,3003pr0036,3003
P,3004pr9968,3004
P,3626bpr0677,3626b
P,93591pr0007,93591
P,2377pr0001,2377
P,3068bpr9942,3068b
P,3626bpr0085,3626b
P,6069pr0008,6069
B,4593,298c03
P,3068bpr0074,3068b
P,3626bpr0092,3626b
P,3626bpr0153,3626b
B,4593,298c04
B,4593,298c05
P,973c03h03pr0075,973c03h03
P,32533pr0199,32533
P,3626cpr0388,3626c
P,42604pr0003,42604
P,3039pr0008,3039
P,3626cpr0593,3626c
P,3037pr0020,3037
P,3307pr0001,3307
P,3678bpr0067,3678b
P,3068bpr0091,3068b
P,3298pr0029,3298
P,3068bpr0093,3068b
P,3626bpr0627,3626b
P,3068bpr0114,3068b
P,33009pr0002,33009
P,3626bpr0685,3626b
P,2431pr0067,2431
P,clikupn0065apr0016,clikupn0065a
P,3009apr0036,3009a
P,970c00pr0160,970c00
P,clikupn0065apr0006,clikupn0065a
P,3002apr0004,3002a
P,3009apr0035,3009a
P,30144pr0007,30144
P,970c00pr0057,970c00
P,970x154pr0521,970x154
P,973c03h03pr0512,973c03h03
P,3645pr0002,3645
P,3068bpr0034,3068b
P,3009pr0017,3009
P,upn0244pr0001,upn0244
P,3754pr0008,3754
P,777pr0005,777
A,14769pr1176,14769pr0007
P,3437pr0039,3437
P,30144pr0031,30144
P,2431pr0046,2431
P,3070bpr0219,3070b
P,22385pr9972,22385
P,3004pr9983,3004
P,3437pr0042,3437
P,93219pr0002,93219
P,2335pr0013,2335
P,3297pr0008,3297
P,3626bpr0007,3626b
P,30144pr0023,30144
P,3008pr0038,3008
P,upn0294c03pr0001,upn0294c03
B,98138pr0162,67216
B,85558,85489
P,3298pr0034,3298
P,3437pr9993,3437
P,4865apr0009,4865a
P,3626cpr3352,3626c
P,3626bpr0263,3626b
A,3738,3034
P,50231pr0005,50231
P,3626bpr0100,3626b
P,30363pr0004,30363
P,93589pr0001,93589
P,3626bpr0355,3626b
P,3068bpr0104,3068b
P,22385pr0113,22385
P,41748pr0012,41748
A,47376,6162
B,973pb0115,973c03h22pr0115
P,3626bpr0136,3626b
P,3008apr0018,3008a
P,3008apr0021,3008a
P,3626bpr0828,3626b
P,973pb1295,3814
P,4066pr9992,4066
P,777pr0001,777
P,30459pr0001,30459
P,970x023pr0750,970x023
P,4182pr0007,4182
P,4744pr0042,4744
P,3039pr0009,3039
P,3001pr0016,3001
P,2408pr0003,2408
P,6153apr0005,6153a
P,3068bpr0393,3068b
P,1022Apr0186,1022A
P,4066pr0219,4066
P,3626bpr0083,3626b
P,4066pr0236,4066
P,3001pr0006,3001
P,32533pr0619,32533
P,3297pr0005,3297
P,649pr0003,649
P,3068bpr0073,3068b
P,30185c02pr0001,30185c02
P,18153pr0001,18153
P,2513pr0003,2513
P,6474pr9979,6474
P,4066pr0224,4066
P,3040bpr0006,3040b
P,2446pr0005,2446
P,2507pr0005,2507
P,3626bpr9985,3626b
P,3068bpr0151,3068b
P,30602pr0012,30602
P,3626bpr0644,3626b
P,4066pr9989,4066
P,970c00pr0059,970c00
P,3070bpr0038,3070b
P,3626bpr1063,3626b
P,4066pr9988,4066
P,3626bpr9990,3626b
P,3960pr9981,3960
P,2490pr0006,2490
P,973pb0321,3814
P,973pb0644,3814
P,970x194pr0581,970x194
P,4181pr0009,4181
P,2465pr0001,2465
P,32310pr0006,32310
P,3069bpr0067,3069b
P,2586pr0013,2586
P,973c31h03pr0002,973c31h03
P,3678bpr0072,3678b
P,2384pr0002,2384
P,14769pr1176,14769
P,3437pr0057,3437
P,32533pr0171,32533
P,970c00pr9793,970c00
P,2431pr0052,2431
P,3005pr9990,3005
P,3626bpr0168,3626b
P,3626bpr0228,3626b
P,31465pr0001,31465
P,3626bpr1018,3626b
P,4066pr0253,4066
P,4066pr0138,4066
P,42602pr0002,42602
P,4865apr0005,4865a
P,98606pr0001,98606
P,3068bpr0167,3068b
P,3846pr0011,3846
P,87612pr0001,87612
A,47376,42484
P,3298pr0019,3298
P,3068bpr0096,3068b
P,3068bpr0214,3068b
P,41748pr0009,41748
P,dupupn0118pr0005,dupupn0118
P,3960pr0017,3960
P,98569pr0004,98569
P,973pb0176,3814
P,973pb0322,3814
P,3626bpr0665,3626b
P,970x308pr0446,970x308
P,45677pr0016,45677
P,3001pr0031,3001
R,37779c01,37783c01
P,47423pr0011,47423
P,upn0228pr0004,upn0228
P,3068bpr0213,3068b
P,3626bpr0608,3626b
P,3068bpr0162,3068b
P,6177bpr0004,6177b
P,970c00pr0418,970c00
P,10113pr9999,10113
P,3005pr9915,3005
P,3068bpr0050,3068b
P,455pr0001,455
P,3626bpr0084,3626b
P,42060pr0007,42060
P,970c00pr0268,970c00
P,3008pr0026,3008
P,3626bpr0208,3626b
P,31111pr9985,31111
P,3068bpr0078,3068b
P,31205pr0001,31205
P,4150pr0032,4150
P,90639pr0018,90639
P,970c00pr0356,970c00
P,2418bpr0002,2418b
P,3298pr0030,3298
P,2431pr0048,2431
P,3626cpr0899,3626c
P,3008apr0013,3008a
P,3626cpr9763,3626c
P,3626cpr9762,3626c
P,973pb0062,3814
P,50231pr0001,50231
P,3626cpr1472,3626c
P,4066pr9991,4066
P,3626cpr9761,3626c
P,4744pr0043,4744
P,777pr0007,777
P,3626cpr1243,3626c
P,3068bpr0155,3068b
P,973c28h01pr0269,973c28h01
P,3626bpr0852,3626b
M,6135,2536
P,30601pr0007,30601
P,3039pr9989,3039
P,649pr0013,649
P,3626bpr0463,3626b
P,48288pr0001,48288
P,4744pr0022,4744
P,3038pr0003,3038
P,3069bpr0056,3069b
P,4066pr9980,4066
P,973c28h01pr0028,973c28h01
P,3008pr0003,3008
P,30603pr0004,30603
P,4066pr0159,4066
P,30650pr0001,30650
P,3846pr0029,3846
P,973c28h01pr9998,973c28h01
P,3437pr0043,3437
P,3960pr9984,3960
P,3626bpr0294,3626b
P,3626cpr0821,3626c
P,3678bpr0063,3678b
P,3678bpr0016,3678b
P,3626bpr0421,3626b
M,50335,21709
P,4162pr0012,4162
P,973pb0645,3814
P,3245bpr0011,3245b
P,98603s01pr0002,98603
P,98603s01pr0005,98603
P,3001pr0030,3001
P,dupupn0100pr0001,dupupn0100
P,32310pr0004,32310
P,3001pr0040,3001
P,970x028pr0001,970x028
P,3626bpr0311,3626b
P,4066pr0189,4066
P,dupupn0100pr0003,dupupn0100
P,4864apr0010,4864a
P,3297pr0011,3297
P,3037pr0005,3037
P,3003pr0047,3003
P,3005pr9889,3005
P,3626cpr1108,3626c
P,6216pr0002,6216
P,3010pr9936,3010
P,32310pr0001,32310
P,973c03h27pr5196,973c03h27
P,970c00pr0455,970c00
P,3626cpr0386,3626c
P,30600pr0001,30600
P,30474pr0004,30474
P,3626bpr0042,3626b
P,970c00pr0470,970c00
P,6069pr0006,6069
P,25269pr0012,25269
P,973c03h12pr2874,973c03h12
P,3005pr9964,3005
P,3626bpr0110,3626b
P,3626bpr0179,3626b
P,6111pr0004,6111
P,3626cpr1254,3626c
P,11233pr0001,11233
P,87079pr0060,87079
P,6309pr0065,6309
P,3009pr0008,3009
P,3068bpr0169,3068b
P,3070bpr0089,3070b
P,973pb0662,3814
P,98341pr0002,98341
P,3009apr0033,3009a
P,2587pr0028,2587
P,86500pr0001,86500
P,93591pr0016,93591
P,3298pr0042,3298
P,3070bpr0028,3070b
P,3068bpr0225,3068b
P,49311pr0003,49311
P,970x297pr0440,970x297
P,51595pr0004,51595
P,3754pr0007,3754
P,4150pr0024,4150
P,2384pr0007,2384
P,3068bpr0163,3068b
P,3069bpr0183,3069b
P,4066pr0105,4066
P,973c03h03pr2167,973c03h03
P,2598pr0002,2598
P,42061pr0004,42061
P,3626bpr0181,3626b
P,6309pr0071,6309
P,3626bpr0338,3626b
P,3626bpr0246,3626b
P,970c00pr0578,970c00
P,3626cpr0995,3626c
P,973c03h03pr9995,973c03h03
P,30258pr0006,30258
P,973c03h03pr2352,973c03h03
P,6177bpr0005,6177b
P,3068bpr0043,3068b
P,4150pr0046,4150
P,3821pr0002,3821
P,3005pr9899,3005
P,4066pr0186,4066
P,973c03h03pr3529,973c03h03
P,2587pr0010,2587
P,30250pr0004,30250
P,86500pr0002,86500
P,2507pr0003,2507
P,30363pr0011,30363
P,4186pr0001,4186
P,90639pr0001,90639
P,4865apr0002,4865a
P,3942cpr0001,3942c
P,3068bpr0186,3068b
P,61287pr0007,61287
P,973pb0936,3814
P,14pr0003,14
P,30602pr0024,30602
P,3754pr0004,3754
M,42484,6162
P,970x322pr0288,970x322
P,6239pr0010,6239
P,45463pr0002,45463
P,3005pr0008,3005
P,3005pr9928,3005
P,4215apr0009,4215a
P,3298pr0040,3298
P,3005pr9961,3005
P,3626bpr0599,3626b
P,3626bpr0636,3626b
P,3069bpr0122,3069b
P,3626bpr0433,3626b
P,4150pr0007,4150
P,3626bpr0678,3626b
P,2582pr0003,2582
P,4088pr0001,4088
P,91884pr0006,91884
P,3005pr9940,3005
P,3009pr0032,3009
P,3664pr0018,3664
P,4066pr0152,4066
P,3626bpr0102,3626b
P,3626bpr0135,3626b
P,2586pr0021,2586
P,3009pr0045,3009
P,30603pr0002,30603
P,3626bpr0723,3626b
P,3005pr9998,3005
P,51595pr0001,51595
P,4744pr0035,4744
P,970c00pr0124,970c00
P,2446pr0045,2446
P,973c03h03pr1733,973c03h03
P,3004pr0008,3004
P,973pb1237,3814
P,44674pr0002,44674
P,30363pr0002,30363
P,30363pr0005,30363
P,973c03h03pr1727,973c03h03
P,10178pr0004,10178
P,973p7h,3814
P,4066pr0115,4066
P,30600pr0003,30600
P,2494pr0004,2494
P,3626bpr0739,3626b
M,2536b,2536
P,93587pr0006,93587
P,51036pr0001,51036
P,3626cpr0978,3626c
P,3437pr0046,3437
P,3626cpr1477,3626c
P,60581pr0013,60581
P,6177bpr0003,6177b
P,3068bpr9944,3068b
B,752,73590c01a
P,3004pr9959,3004
P,973c03h03pr1658,973c03h03
P,3039pr9950,3039
P,777pr0002,777
P,676pr0001,676
A,brickslot2x3c,3002
P,3437pr0015,3437
P,4066pr0163,4066
P,3297pr0002,3297
P,24246pr0003,24246
P,3008pr0030,3008
P,3898pr0001,3898
P,4066pr0227,4066
P,3004pr9985,3004
P,3626bpr0201,3626b
P,4867pr0003,4867
P,3298pr0021,3298
P,3626cpr0903,3626c
P,3039pr9976,3039
P,3039pr9984,3039
P,90639pr0002,90639
P,3626cpr1157,3626c
P,45705pr0001,45705
P,3626bpr0307,3626b
P,2345pr0003,2345
P,3069bpr0182,3069b
P,3626bpr0825,3626b
P,4066pr0108,4066
P,3626bpr0717,3626b
P,3626bpr0938,3626b
P,98341pr0004,98341
P,3626bpr0991,3626b
P,98138pr0167,98138
B,98138pr0163,67216
P,3068bpr0200,3068b
P,970c00pr0132,970c00
A,upn0344,4276a
P,3069bpr0077,3069b
P,50995pr0005,50995
P,3961pr0008,3961
P,973pb1417,3814
P,973pb1212,3814
P,3069bpr0069,3069b
P,3626cpr2576,3626c
P,4066pr9990,4066
P,970x154pr0001,970x154
P,4161pr0001,4161
P,3005pr0007,3005
P,3626bpr0277,3626b
P,21560pr0001,21560
P,dupupn0100pr0002,dupupn0100
P,4864apr0014,4864a
P,4066pr0476,4066
P,3678bpr0073,3678b
P,973c03h03pr1741,973c03h03
P,3070bpr0228,3070b
P,4066pr0468,4066
P,4066pr0106,4066
P,4066pr0090,4066
P,1022Apr0187,1022A
P,3070bpr0226,3070b
P,3626bpr0169,3626b
P,6175pr0002,6175
P,31000pr0001,31000
P,970c00pr0023,970c00
P,3037pr0011,3037
P,3069bpr0087,3069b
P,4066pr0119,4066
P,3010pr0924,3010
P,90638pr0023,90638
P,3626cpr1115,3626c
M,2536b,6135
P,31213pr0020,31213
P,2582pr0006,2582
P,30602pr0013,30602
P,970c00pr0417,970c00
P,3626bpr0771,3626b
P,3011pr0002,3011
P,3626bpr0584,3626b
P,3298pr0011,3298
P,3626bpr0603,3626b
P,3626bpr0907,3626b
P,973pb0010,3814
P,3437pr9994,3437
P,973pb0648,3814
P,970x119pr0492,970x119
P,3626cpr3359,3626c
P,4346pr0005,4346
P,42022pr0004,42022
P,970c00pr0782,970c00
P,43710pr0001,43710
P,3068bpr0406,3068b
P,31170pr0003,31170
P,3626cpr3367,3626c
P,3004pr9994,3004
P,4066pr0196,4066
P,fabfig0018c02pr0001,fabfig0018c01pr0001
P,3003pr0014,3003
P,2431pr0026,2431
P,3006pr0004,3006
P,2431pr0008,2431
P,2587pr0008,2587
P,3626cpr0937,3626c
P,60581pr0014,60581
P,88686pr0002,88686
P,4066pr0107,4066
P,3626bpr0133,3626b
P,3626bpr0206,3626b
P,87079pr0029,87079
P,clikupn0063pr0005,clikupn0063
P,93597pr0002,93597
P,3626bpr0815,3626b
P,3626cpr1005,3626c
P,3626cpr1181,3626c
P,45411pr0002,45411
P,6179pr9984,6179
P,3626bpr0501,3626b
P,973c03h03pr1751,973c03h03
P,2466pr0001,2466
B,752,73590c01b
P,3069bpr0068,3069b
P,93560pr0178,93560
P,970x330pr0639,970x330
P,3068bpr0082,3068b
P,3068bpr0099,3068b
P,970x140pr0435,970x140
P,970c00pr0381,970c00
P,3678bpr0031,3678b
P,3069bpr0058,3069b
P,3068bpr0207,3068b
P,3003pr0032,3003
P,973pb0804,3814
P,973pb0935,3814
P,3664pr0022,3664
P,3626bpr9968,3626b
A,brickslot2x3c,3002b
P,3626cpr0748,3626c
M,brickslot2x3c,brickslot2x3b
P,3069bpr0073,3069b
P,21560pr0004,21560
P,3626bpr0791,3626b
P,42602pr0004,42602
P,3626bpr9978,3626b
P,30259pr0003,30259
P,3001pr0005,3001
P,64225pr0007,64225
P,3069bpr0019,3069b
P,970c00pr0048,970c00
P,1022Apr0189,1022A
P,1022Apr0190,1022A
P,3626cpr1478,3626c
P,2494pr0002,2494
P,970c00pr0005,970c00
P,970c00pr0026,970c00
P,3626bpr0280,3626b
P,3626bpr0034,3626b
P,970c00pr0322,970c00
P,3626cpr1083,3626c
P,3069bpr0108,3069b
P,2300pr0007,2300
P,3010pr9950,3010
P,93219pr0003,93219
P,3039pr0017,3039
P,3626cpr1312,3626c
P,3070bpr0148,3070b
P,98367pr0001,98367
P,4209pr0005,4209
P,3068bpr0085,3068b
P,3626cpr1138,3626c
P,3626bpr0692,3626b
P,3626bpr0098,3626b
P,30151apr0001,30151a
P,374pr0001,374
P,31111pr0025,31111
R,dupupn0100pr0005,dupupn0068
P,3678bpr0012,3678b
P,11269pr0001,11269
P,3008apr0028,3008a
P,dupupn0100pr0006,dupupn0100
P,31110pr0128,31110
P,973p72,3814
P,973pav,3814
P,970x330pr0630,970x330
P,42861pr0002,42861
P,970c00pr9792,970c00
P,6474pr0007,6474
P,4864apr0007,4864a
P,30117pr0004,30117
P,4066pr0176,4066
P,32533pr0548,32533
P,3626bpr0009,3626b
P,4346pr0007,4346
P,30600pr0002,30600
P,4066pr0237,4066
P,3068bpr0179,3068b
P,93072pr0001,93072
P,6309pr0067,6309
P,973c03h03pr1422,973c03h03
P,15429pr0007,15429
P,15429pr0010,15429
P,clikupn0065apr0007,clikupn0065a
P,3626bpr0163,3626b
P,3626cpr1315,3626c
P,3626cpr1253,3626c
P,3626bpr9993,3626b
P,47753pr0015,47753
P,3039pr9962,3039
P,4744pr0025,4744
P,4533pr0001,4533
P,87079pr0030,87079
P,3039pr9995,3039
P,2335pr0021,2335
P,6213pr0007,6213
P,3939pr0005,3939
P,3626cpr1112,3626c
P,90639pr0015,90639
P,90639pr0020,90639
P,2723pr0001,2723
P,3070bpr0045,3070b
P,3070bpr0069,3070b
P,6180pr9998,6180
P,3010pr9982,3010
P,30600pr0008,30600
P,973c26h01pr0003,973c26h01
R,44225,44224
B,973p27,973c28h01pr0027
P,3939pr0002,3939
P,13768pr0001,13768
P,3008pr0037,3008
P,3068bpr0037,3068b
P,3245bpr0010,3245b
P,3037pr0014,3037
P,3069bpr0014,3069b
P,3039pr9997,3039
R,dupupn0100pr0003,dupupn0068
P,3070bpr0227,3070b
P,31110pr0129,31110
P,3010pr9937,3010
P,3626cpr9760,3626c
P,93072pr0002,93072
P,973c03h03pr0005,973c03h03
P,24246pr0004,24246
P,3008pr0005,3008
P,3626bpr0658,3626b
P,31110pr0141,31110
P,3626bpr0060,3626b
P,3626bpr0864,3626b
P,970c00pr0219,970c00
P,3626bpr0588,3626b
P,3003pr0055,3003
P,3626bpr0466,3626b
P,3068bpr0188,3068b
P,3626bpr0271,3626b
P,675pr0002,675
P,3626bpr0881,3626b
P,3070bpr0031,3070b
P,3070bpr0065,3070b
P,46303pr0001,46303
M,2536c,2536
P,3068bpr0132,3068b
P,3005pr0001,3005
P,27372pr0002,27372
P,973pb1216,3814
P,4066pr0229,4066
P,3626bpr0694,3626b
P,970c00pr0171,970c00
P,3626cpr0973,3626c
P,3960pr0025,3960
P,970c00pr0301,970c00
P,3626cpr9958,3626c
P,3626cpr9759,3626c
P,4066pr0146,4066
P,14769pr1084,14769
P,3822pr0002,3822
P,973psf,3814
P,973pb0002,3814
P,973pb0287,3814
P,31111pr0017,31111
P,973pb0316,3814
P,973c26h01pr0007,973c26h01
P,777pr0012,777
B,98138pr0167,67216
P,4182pr0005,4182
P,3009pr0062,3009
P,3626bpr0346,3626b
P,3754pr0003,3754
P,14769pr1085,14769
P,973c03h03pr0908,973c03h03
P,4215apr0012,4215a
P,2525pr0003,2525
P,2408pr0001,2408
P,973c03h03pr0071,973c03h03
P,3626bpr0749,3626b
P,4150pr0002,4150
P,2431pr0047,2431
P,2431pr0043,2431
P,4444pr0004,4444
P,970c00pr0028,970c00
P,6213pr0001,6213
P,3626bpr0264,3626b
P,clikupn0065apr0026,clikupn0065a
P,970c00pr0479,970c00
P,970c00pr0278,970c00
P,3070bpr0097,3070b
P,973c03h03pr0021,973c03h03
P,973c36h36pr5303,973c36h36
P,60581pr0012,60581
P,2654pr0022,2654
M,80324,44676
P,3678bpr0068,3678b
P,3626bpr0630,3626b
P,3626cpr0541,3626c
P,3010pr9943,3010
P,98138pr0252,98138
P,970c00pr0127,970c00
P,1022Apr0191,1022A
P,3062bpr0002,3062b
P,973pb1183,3814
P,3068bpr0160,3068b
P,973pb1338,3814
P,973pb0347,3814
P,973pb0533,3814
P,4150pr0013,4150
R,dupupn0068,dupupn0100pr0001
P,42060pr0009,42060
P,970x199pr9999,970x199
P,973c03h03pr1148,973c03h03
P,1022Apr0193,1022A
P,93072pr0003,93072
P,1022Apr0194,1022A
P,1021Apr0080,1021A
P,3437pr0059,3437
P,4858pr0007,4858
P,973c03h03pr9963,973c03h03
P,1021Apr0081,1021A
P,1021Apr0082,1021A
P,3626cpr2554,3626c
P,3010pr9983,3010
P,4066pr0118,4066
P,31110pr0131,31110
P,upn0230pr0001,upn0230
P,1021Apr0087,1021A
P,3626bpr0121,3626b
P,3626bpr0237,3626b
P,30601pr0003,30601
P,3626bpr0353,3626b
P,6309pr0070,6309
P,41855pr0002,41855
P,4744pr0027,4744
P,3069bpr0078,3069b
P,3626apr0006,3626a
P,4215apr0007,4215a
P,6239pr0011,6239
P,3626bpr0324,3626b
P,3011pr0015,3011
P,41855pr0006,41855
P,3899pr0002,3899
P,970c00pr0713,970c00
P,3009apr0024,3009a
P,3298pr0014,3298
P,2587pr0026,2587
P,50747pr0002,50747
P,3069bpr0118,3069b
P,98138pr0003,98138
P,4864bpr0005,4864b
P,973pb0162,3814
P,973pb0456,3814
P,3626bpr0669,3626b
P,27372pr0003,27372
P,3626bpr0735,3626b
P,2431pr0019,2431
P,3069bpr0074,3069b
P,clikupn0065apr0008,clikupn0065a
P,3626bpr0767,3626b
P,3626bpr0939,3626b
P,2350apr0001,2350a
P,1021Apr0088,1021A
P,1021Apr0090,1021A
M,2536c,2536b
P,51pr0001,51
P,3626bpr0507,3626b
P,3069bpr0049,3069b
P,1021Apr0094,1021A
P,1021Apr0095,1021A
P,93072pr0004,93072
P,30075pr0001,30075
P,3005pr9916,3005
P,3626bpr0273,3626b
P,973c03h03pr5407,973c03h03
P,93587pr0008,93587
P,93591pr0019,93591
P,93219pr0005,93219
P,2431pr0159,2431
P,3626bpr0291,3626b
P,3626bpr0195,3626b
P,3039pr9956,3039
P,3626bpr1054,3626b
P,3005pr9906,3005
P,3005pr9970,3005
P,30185c03pr0001,30185c03
P,3626cpr0981,3626c
P,685pr0001,685
P,90640pr0021,90640
P,42511pr0001,42511
P,3070bpr0037,3070b
P,32310pr0003,32310
P,3626bpr0523,3626b
P,3626bpr0351,3626b
P,973p7z,3814
P,3298pr0026,3298
P,3626bpr0699,3626b
P,970c00pr0188,970c00
P,87552pr0001,87552
P,3008apr0025,3008a
P,3004pr9993,3004
P,3960pr9995,3960
P,3069bpr0075,3069b
P,41747pr0005,41747
P,973pb0115,3814
P,973pb0452,3814
P,970x141pr0685,970x141
P,973pb0617,3814
P,973pb0620,3814
P,973pb0625,3814
P,970x321pr0684,970x321
P,3007pr0001,3007
P,2446pr0028,2446
P,3009pr0028,3009
P,30602pr0003,30602
M,70694,46537
P,3626bpr0756,3626b
P,30261pr0012,30261
P,30180pr0002,30180
P,3626cpr1480,3626c
P,3010pr9965,3010
P,60581pr0011,60581
P,93072pr0005,93072
P,93070pr0004,93070
M,52526,92092
P,3626cpr1107,3626c
T,85959pat0008,85959
A,15118,70646
P,60581pr0024,60581
P,4066pr0162,4066
P,6636pr0030,6636
P,87079pr0234,87079
A,973c05h03pr9991,973c05h03pr9979
P,3626bpr0200,3626b
P,3626bpr0350,3626b
P,3626bpr0236,3626b
P,3678bpr0030,3678b
P,3626bpr0639,3626b
P,3068bpr0133,3068b
P,3626bpr0675,3626b
P,3003pr0039,3003
P,3068bpr0135,3068b
P,75902pr0005,75902
P,973c03h03pr0051,973c03h03
A,60581pr0028,60581pr9996
P,3068bpr0382,3068b
R,dupupn0068,dupupn0100pr0002
P,6131pr0005,6131
P,4864apr0006,4864a
P,2335pr0019,2335
R,14518,67229pr0001
P,2384pr0001,2384
P,60581pr0028,60581
P,98138pr0168,98138
P,3010pr9940,3010
P,3626cpr9793,3626c
P,3039pr9974,3039
P,3626cpr9792,3626c
P,3626bpr0323,3626b
P,973c03h03pr3013,973c03h03
P,973c28h27pr0002,973c28h27
P,2431pr0009,2431
P,777pr0018,777
P,33207pr0001,33207
P,27372pr0004,27372
P,973c03h03pr2929,973c03h03
P,3068bpr0202,3068b
P,3626cpr1007,3626c
P,4744pr0005,4744
P,fabfig0018c03pr0001,fabfig0018c01pr0001
P,3068bpr0348,3068b
P,60603pr0006,60603
A,upn0344,4276b
P,3822pr0007,3822
P,clikupn0065apr0009,clikupn0065a
T,68503pat0001,68503
P,2431pr0010,2431
P,3660pr0007,3660
P,30156pr0002,30156
P,4066pr0185,4066
P,45705pr0002,45705
P,clikupn0063pr0006,clikupn0063
P,3626bpr0062,3626b
P,3626bpr0196,3626b
P,48494pr0001,48494
P,747c02pr0008,747
P,3626cpr9758,3626c
M,2536c,6135
P,6309pr0138,6309
P,3626bpr0530,3626b
P,3068bpr0105,3068b
P,41747pr0003,41747
P,970c00pr0148,970c00
P,3009apr0040,3009a
P,973pb1180,3814
P,3626bpr0039,3626b
P,3067pr0002,3067
P,75902pr0002,75902
P,309pr0004,309
P,41747pr0001,41747
P,2431pr0034,2431
P,970c00pr0324,970c00
R,upn0298,4610
P,3004pr9987,3004
P,6213pr0012,6213
P,3626cpr0500,3626c
P,3008pr0019,3008
P,3001pr0004,3001
P,3039pr9961,3039
P,98138pr0171,98138
P,3035pr0001,3035
P,6474pr9989,6474
P,3626bpr0013,3626b
P,3626bpr0114,3626b
P,3626bpr0149,3626b
P,3005pr9959,3005
P,3626cpr0007,3626c
P,3626bpr0575,3626b
P,3626bpr0572,3626b
P,90639pr0023,90639
P,3070bpr0073,3070b
P,3070bpr0087,3070b
P,3626bpr0452,3626b
P,3626bpr0824,3626b
P,3009pr0042,3009
P,3068bpr0230,3068b
P,3626bpr0101,3626b
P,973pb1414,3814
P,3626bpr0619,3626b
P,62699pr0002,62699
P,747c02pr0004,747
P,40925pat0003pr0001,40925pat0003
P,30474pr0002,30474
P,973prh,3814
P,973pb1333,3814
P,973pb0194,3814
P,3626bpr0308,3626b
P,3626bpr0352,3626b
P,3960pr9992,3960
P,3626cpr2586,3626c
P,3626bpr0336,3626b
P,973c03h03pr2576,973c03h03
P,30603pr0007,30603
P,3626cpr2589,3626c
P,3941pr0004,3941
P,4182pr0003,4182
P,32533pr0665,32533
P,3626cpr1143,3626c
P,3626cpr2590,3626c
P,3626cpr2591,3626c
P,4346pr0014,4346
P,3009pr0054,3009
P,3626cpr2594,3626c
P,973c03h03pr1718,973c03h03
P,973c03h03pr0511,973c03h03
P,3626cpr0859,3626c
P,3846pr0019,3846
P,2345pr0001,2345
P,3005pr9982,3005
P,3626bpr0139,3626b
P,4066pr0153,4066
P,970c00pr0251,970c00
P,3626bpr0358,3626b
P,47753pr0016,47753
P,649pr0006,649
P,31110pr0030,31110
P,11233pr0003,11233
P,4162pr9993,4162
P,3039pr0007,3039
P,41748pr0008,41748
P,4858pr0004,4858
P,973c03h03pr0006,973c03h03
P,31110pr0132,31110
P,31110pr0140,31110
P,973c03h03pr0052,973c03h03
P,973c03h03pr1425,973c03h03
P,973c03h03pr1437,973c03h03
P,973c03h03pr1509,973c03h03
P,973c03h03pr2590,973c03h03
P,973c03h03pr1510,973c03h03
P,973c03h03pr1513,973c03h03
P,973c03h03pr1543,973c03h03
P,973c03h03pr1904,973c03h03
P,973c03h03pr1954,973c03h03
P,973c03h03pr2187,973c03h03
P,973c03h03pr2094,973c03h03
P,973c05h03pr4142,973c05h03
P,973c27h27pr4542,973c27h27
P,973c22h22pr4588,973c22h22
P,973c22h03pr9990,973c22h03
P,973c22h03pr4515,973c22h03
P,973c22h01pr9773,973c22h01
P,973c31h03pr4521,973c31h03
R,69963,69964
P,970c00pr0185,970c00
P,3001pr0019,3001
P,973c03h03pr1469,973c03h03
P,973c03h03pr1856,973c03h03
P,970c00pr0305,970c00
P,3626bpr1062,3626b
P,2587pr0004,2587
P,4744pr0010,4744
P,973c03h03pr2077,973c03h03
P,3626cpr3376,3626c
P,3039pr0027,3039
P,973pb0605,3814
P,3039pr0025,3039
P,30144pr0039,30144
P,30116pr0002,30116
P,4864bpr0003,4864b
P,18159pr0001,18159
P,3068bpr0346,3068b
P,970c00pr0032,970c00
P,63864pr0004,63864
P,87079pr0020,87079
P,970c00pr0363,970c00
P,30602pr0007,30602
P,fabfig0018c07pr0001,fabfig0018c01pr0001
P,30144pr0040,30144
P,fabupn0011pr0003,fabupn0011
P,30841pr0007,30841
P,30647pr0006,30647
P,826pr0001,826
P,970c00pr0056,970c00
P,3010pr9946,3010
P,826pr0002,826
P,60581pr0009,60581
P,3626cpr0216,3626c
P,3626bpr0059,3626b
P,2431pr0011,2431
P,3626cpr2412,3626c
P,4066pr0238,4066
P,2431pr0018,2431
P,3626bpr0316,3626b
P,608pr0002,608
P,2446pr0050,2446
P,dupupn0100pr0004,dupupn0100
P,3626bpr0194,3626b
P,3626bpr0241,3626b
P,3001pr0045,3001
P,93587pr0007,93587
P,4066pr0117,4066
P,970c00pr0282,970c00
P,3626bpr0968,3626b
P,clikupn0065apr0025,clikupn0065a
P,3626bpr1026,3626b
P,973psq,3814
P,973pb0511,3814
P,3626cpr0126,3626c
P,2587pr0003,2587
P,970c00pr0120,970c00
P,41855pr0004,41855
P,3626bpr0329,3626b
P,973c03h03pr1961,973c03h03
P,32533pr0447,32533
P,970c00pr0197,970c00
P,3297pr0016,3297
P,32533pr0225,32533
P,3005pr9951,3005
P,2345pr0004,2345
P,3068bpr0171,3068b
P,3069bpr0091,3069b
P,649pr0004,649
P,4066pr0202,4066
P,33013pr0002,33013
P,3068bpr9948,3068b
P,3005pr9978,3005
P,3626bpr0079,3626b
P,3626bpr0097,3626b
M,67324,3731
P,87781pr0001,87781
P,95674pr0002,95674
P,90639pr0008,90639
P,4865apr0003,4865a
P,10178pr0007,10178
P,30602pr0009,30602
P,3626cpr2601,3626c
P,4162pr9992,4162
P,2552pr0005,2552
P,3626cpr2581,3626c
P,3626cpr1154,3626c
P,3626cpr2585,3626c
P,3626bpr0454,3626b
P,50995pr0006,50995
P,2437pr0003,2437
P,3626bpr0568,3626b
P,31110pr0133,31110
P,973pb0020,3814
P,3039pr9991,3039
P,973pb0518,3814
P,30117pr0005,30117
P,3068bpr0178,3068b
P,3005pr9950,3005
P,970c00pr0538,970c00
P,3626cpr2614,3626c
P,3626bpr0252,3626b
P,3004pr9958,3004
P,31111pr0023,31111
P,3008pr0033,3008
P,747c02pr0001,747
P,47543pr0002,47543
P,3039pr9954,3039
P,33202pr0001,33202
P,2335pr0033,2335
P,3626bpr0192,3626b
P,31000pr0004,31000
P,93071pr0001,93071
P,3003pr0040,3003
P,2587pr0009,2587
P,3069bpr0181,3069b
P,3622pr9992,3622
P,3009pr0021,3009
P,3039pr9973,3039
P,87079pr0049,87079
P,3678bpr0022,3678b
M,53941,44300
P,3068bpr0238,3068b
P,3626bpr0925,3626b
P,30361apr0001,30361a
P,3626cpr2634,3626c
P,970c00pr0272,970c00
P,3626bpr0550,3626b
P,3626bpr0691,3626b
P,3626cpr2566,3626c
P,3626bpr0700,3626b
P,3626cpr2569,3626c
P,3626cpr2578,3626c
P,970c00pr0214,970c00
P,973pb0160,3814
P,2446pr0004,2446
P,68505pr0001,68505
P,4511pr0001,4511
P,6213pr0010,6213
P,93071pr0002,93071
P,3005pr9992,3005
P,4066pr0127,4066
P,3626cpr1113,3626c
P,4066pr0216,4066
P,3626cpr1133,3626c
P,973c27h01pr9644,973c27h01
P,4864bpr0002,4864b
P,3068bpr0184,3068b
P,3626cpr1110,3626c
P,3003pr0046,3003
P,6309pr0064,6309
P,3065pr0001,3065
P,6636pr0005,6636
P,30603pr0005,30603
P,3626bpr0296,3626b
P,4066pr0248,4066
P,3626cpr3158,3626c
P,30375pr0007,30375
P,3005pr9975,3005
P,30168pr0002,30168
P,4066pr0217,4066
P,3298pr0015,3298
P,33009pr0005,33009
P,41747pr0018,41747
P,3960pr0036,3960
P,41748pr0007,41748
P,51036pr0002,51036
P,3626cpr3361,3626c
P,3626bpr1064,3626b
P,50747pr0003,50747
P,45463pr0003,45463
P,3626bpr0729,3626b
P,87748pr0004,87748
P,87079pr0002,87079
P,31333pr0003,31333
P,3678bpr0026,3678b
P,3626bpr9953,3626b
P,87079pr0136,87079
P,scalaupn0013pr0001,scalaupn0013
P,87079pr0001,87079
P,fabfig0018c04pr0001,fabfig0018c01pr0001
P,fabfig0018c05pr0001,fabfig0018c01pr0001
P,32533pr0677,32533
P,60581pr0010,60581
P,973pre,3814
P,3626cpr3159,3626c
P,60581pr9997,60581
P,30249pr0001,30249
P,60581pr0022,60581
P,3626bpr0549,3626b
P,93071pr0003,93071
P,2431pr0012,2431
P,29988pr0005,29988
P,3039pr9959,3039
P,3005pr9947,3005
P,4066pr0101,4066
P,3626cpr2413,3626c
P,3626cpr2415,3626c
R,dupupn0100pr0004,dupupn0068
P,3626cpr2441,3626c
P,3939pr0004,3939
P,970c00pr1408,970c00
P,11269pr0004,11269
P,2552pr0004,2552
P,30603pr0014,30603
P,41854pr0004,41854
P,30144pr0017,30144
P,4066pr0265,4066
P,973c03h03pr3173,973c03h03
P,4066pr0244,4066
P,6309pr0062,6309
P,4066pr0235,4066
P,3664pr0020,3664
P,18160pr0001,18160
P,57895pr0002,57895
P,3626bpr0722,3626b
P,3626bpr0980,3626b
P,3626cpr2416,3626c
P,4162pr0015,4162
P,30489pr0001,30489
P,98138pr0001,98138
P,11260pr0001,11260
P,3626bpr0420,3626b
P,93250pr0001,93250
P,3626bpr0695,3626b
P,973phb,3814
P,3626bpr0546,3626b
P,3068bpr0210,3068b
P,4066pr0143,4066
P,98138pr0011,98138
P,3068bpr0192,3068b
P,3626cpr1015,3626c
P,6636pr0002,6636
P,3626cpr3378,3626c
P,973c03h03pr3437,973c03h03
P,3626bpr0370,3626b
P,50947pr0001,50947
P,2552pr0006,2552
P,42025pr0001,42025
P,3626cpr3377,3626c
P,2586pr0028,2586
P,4066pr0112,4066
P,3626cpr1245,3626c
P,31021pr0001,31021
P,973c03h03pr9858,973c03h03
P,3004pr9973,3004
P,3626bpr0455,3626b
P,3626bpr0893,3626b
R,18160pr0001,18159pr0001
P,31110pr0134,31110
P,31110pr0136,31110
P,3068bpr0232,3068b
P,41748pr0006,41748
P,970c00pr0212,970c00
P,3846pr0004,3846
P,93587pr0004,93587
P,970c00pr0331,970c00
P,2528pr0001,2528
P,3067pr0007,3067
P,3297pr0017,3297
P,3298pr0044,3298
P,973pb0006,3814
M,3626bpr0745,3626cpr0745
P,4066pr0218,4066
P,3626cpr1128,3626c
P,6309pr0136,6309
P,3068bpr9836,3068b
A,973c01h01pr5080,973c01h01pr2327
P,30474pr0007,30474
P,31110pr0137,31110
P,18721pr0002,18721
P,14222pr0003,14222
P,upn0101pr0001,upn0101
P,3960pr9997,3960
P,31110pr0059,31110
P,44674pr0001,44674
P,3961pr0002,3961
P,4485pr0002,4485
P,3626bpr0115,3626b
P,3626bpr0141,3626b
P,3626bpr0183,3626b
P,3009pr0016,3009
P,973c03h03pr4510,973c03h03
P,2654pr0007,2654
P,2446pr0033,2446
P,30562pr0004,30562
P,3068bpr0261,3068b
P,3626bpr0726,3626b
P,3626bpr1067,3626b
P,3037pr0003,3037
P,973p7g,3814
P,973pb1238,3814
P,970c00pr0413,970c00
P,26831pr0002,26831
P,3626cpr2627,3626c
P,3626bpr0838,3626b
P,970c00pr0186,970c00
P,3626bpr0029,3626b
P,3626cpr2633,3626c
P,75902pr0016,75902
P,4066pr0175,4066
P,3626bpr0787,3626b
P,30603pr0016,30603
P,3626cpr1485,3626c
P,970c00pr0038,970c00
P,4066pr0132,4066
P,4066pr0226,4066
P,3009pr0030,3009
P,3626bpr0185,3626b
P,14222pr0012,14222
P,15429pr0006,15429
P,3004pr0031,3004
P,3068bpr0301,3068b
P,3626bpr0221,3626b
P,3822pr0003,3822
P,3626bpr1094,3626b
P,4864bpr0007,4864b
P,4066pr0140,4066
P,2513pr0002,2513
P,3009pr0006,3009
P,4744pr0029,4744
P,3626cpr1123,3626c
P,3626cpr0680,3626c
P,3040bpr0007,3040b
P,973c03h03pr3158,973c03h03
P,30116pr0003,30116
P,47759pr0001,47759
P,3626bpr1057,3626b
P,3068bpr0272,3068b
P,4150pr0027,4150
P,3008pr0009,3008
P,970c00pr0367,970c00
P,3001pr0037,3001
P,973pq7,3814
P,973pb0572,3814
P,970c00pr0523,970c00
P,3437pr0048,3437
P,clikupn0065apr0024,clikupn0065a
P,3626bpr0813,3626b
P,30650pr0002,30650
P,3009pr0038,3009
P,3626cpr1183,3626c
P,4483pr0001,4483
P,4066pr0207,4066
P,60581pr0025,60581
P,747c01pr0006,747
P,2431pr0044,2431
P,973c03h02pr5221,973c03h02
P,42060pr0008,42060
P,973c03h03pr3366,973c03h03
P,14769pr1086,14769
P,3069bpr0062,3069b
P,31110pr0017,31110
P,3009pr0043,3009
P,825pr0001,825
P,3010pr9975,3010
P,6153apr0006,6153a
R,29632pr0011,29630pr0011
P,3009pr0022,3009
P,3626bpr0082,3626b
P,30156pr0003,30156
P,3069bpr0063,3069b
P,3626bpr0157,3626b
P,3008pr0012,3008
P,4066pr0230,4066
P,970c00pr0271,970c00
P,777pr0015,777
P,87079pr0051,87079
P,3626bpr0744,3626b
P,41747pr0019,41747
P,970c00pr0395,970c00
P,93591pr0015,93591
P,clikupn0065apr0010,clikupn0065a
P,98341pr0005,98341
P,4150pr0009,4150
P,3626bpr0339,3626b
P,30180pr0003,30180
P,3626bpr0023,3626b
P,973pb1050,3814
P,3626bpr0310,3626b
P,3626bpr0783,3626b
P,973pb0601,3814
P,3005pr0009,3005
P,649pr0011,649
P,970c00pr0745,970c00
P,2525pr0011,2525
P,47759pr0002,47759
P,30380pr0003,30380
P,3626bpr0015,3626b
P,4162pr0010,4162
P,3039pr0006,3039
P,3009pr0024,3009
P,6213pr0009,6213
P,50947pr0002,50947
P,3005pr9963,3005
P,2494pr0003,2494
P,973c03h03pr3439,973c03h03
P,973c03h03pr3444,973c03h03
P,3626bpr0261,3626b
P,3006pr0001,3006
P,3039pr9983,3039
P,3960pr0003,3960
P,3037pr0001,3037
P,3005pr9888,3005
P,3626bpr0751,3626b
P,3626cpr0662,3626c
P,98569pr0007,98569
P,90322pr0001,90322
P,3001pr0012,3001
P,4740pr0018,4740
P,3960pr9985,3960
P,4744pr0038,4744
P,47543pr0008,47543
P,3626cpr1482,3626c
P,973c03h02pr5222,973c03h02
P,3006pr0002,3006
P,3008pr0032,3008
P,3626bpr0374,3626b
T,16709pat0012,16709
P,3003pr0026,3003
P,4864apr0009,4864a
P,upn0228pr0002,upn0228
P,3008pr0041,3008
P,3626bpr0117,3626b
P,4162pr0007,4162
P,3068bpr0173,3068b
P,3069bpr0115,3069b
P,3010pr9985,3010
P,973c03h03pr3447,973c03h03
P,3008pr0036,3008
P,30603pr0018,30603
P,3626bpr9957,3626b
P,32533pr0338,32533
P,3626cpr1000,3626c
P,93591pr0014,93591
P,98835pr0005,98835
P,3626bpr0774,3626b
P,3626bpr0602,3626b
P,4740pr0005,4740
P,2446pr0034,2446
P,973c27h01pr4767,973c27h01
P,973c03h03pr3650,973c03h03
P,973c03h03pr4917,973c03h03
P,973c03h03pr4609,973c03h03
P,3626bpr0377,3626b
P,973pb1274,3814
P,970c00pr0320,970c00
P,50747pr0014,50747
P,30602pr0023,30602
P,3626bpr0664,3626b
P,3298pr0017,3298
P,43745pr0001,43745
P,clikupn0065apr0011,clikupn0065a
P,30144pr0038,30144
P,2490pr0003,2490
P,3846pr0018,3846
P,3626bpr0851,3626b
P,15210pr0006,15210
P,3010pr9966,3010
P,98138pr9990,98138
P,30485pr0001,30485
P,30647pr0007,30647
P,3626bpr9962,3626b
P,3068bpr9957,3068b
P,32533pr0473,32533
P,4066pr0122,4066
P,4867pr0005,4867
P,973c03h03pr4513,973c03h03
P,3069bpr0125,3069b
P,3626bpr0496,3626b
P,3626bpr0609,3626b
P,3626bpr0535,3626b
P,3626cpr3360,3626c
P,970c00pr0131,970c00
P,3626cpr0925,3626c
P,98138pr0012,98138
P,2715pr0005,2715
P,3626bpr0876,3626b
P,3678bpr0015,3678b
P,3626bpr0706,3626b
P,3041pr0002,3041
P,3626bpr1053,3626b
P,3626cpr1189,3626c
P,3626bpr0010,3626b
P,belupn0009pr0001,belupn0009
P,30602pr0028,30602
P,4066pr0110,4066
P,6069pr0003,6069
P,973pb0074,3814
P,973pw1,3814
P,3626bpr0837,3626b
P,3039pr9966,3039
P,970c00pr0192,970c00
P,30144pr0012,30144
P,45677pr0017,45677
P,3846pr0037,3846
P,3626cpr0513,3626c
P,3596pr0002,3596
P,4182pr0004,4182
P,3297pr0009,3297
P,973c27h01pr5417,973c27h01
P,51pr0002,51
P,3626cpr1256,3626c
P,6636pr0010,6636
P,3626cpr0867,3626c
P,2335pr0011,2335
P,30647pr0005,30647
P,973c05h03pr5418,973c05h03
P,2431pr0162,2431
R,18160,18159
P,3626bpr0148,3626b
P,30602pr0035,30602
P,93217pr0001,93217
P,3626cpr0721,3626c
P,87748pr0001,87748
P,3626bpr0058,3626b
P,98100pr0003,98100
P,3068bpr0325,3068b
P,973pb0264,3814
P,3039pr9964,3039
P,973pb0354,3814
P,970c00pr1891,970c00
P,970c00pr9894,970c00
P,970c00pr9896,970c00
P,3626bpr0356,3626b
P,3437pr0056,3437
P,33213pr0001,33213
P,3069bpr0053,3069b
P,4066pr0161,4066
P,3626bpr9971,3626b
P,41854pr0011,41854
P,970c00pr1758,970c00
P,970c00pr1784,970c00
P,87079pr0145,87079
P,3626bpr0360,3626b
P,30185c05pr0001,30185c05
P,3626bpr0050,3626b
P,3626bpr9980,3626b
P,3626bpr0193,3626b
P,3437pr0065,3437
P,3010pr9977,3010
P,3626bpr0638,3626b
P,3626cpr3200,3626c
P,3626bpr0531,3626b
P,2431pr0051,2431
P,2431pr0015,2431
P,87610pr0337,87610
P,4088pr0003,4088
P,3626cpr1032,3626c
P,4744pr0026,4744
P,970c00pr2039,970c00
R,18153pr0001,18154pr0001
P,3068bpr0090,3068b
P,3626bpr0819,3626b
P,87748pr0003,87748
P,30144pr0027,30144
P,3626cpr2516,3626c
P,41747pr0008,41747
P,4066pr0160,4066
P,41748pr0016,41748
P,3626cpr2517,3626c
P,30378pr0002,30378
P,973pb0724,3814
P,26603pr0014,26603
P,92586pr0007,92586
P,973pb0088,3814
P,3069bpr0098,3069b
P,3068bpr0021,3068b
P,3626bpr0951,3626b
P,3626cpr0935,3626c
P,3009pr0041,3009
P,970c00pr0195,970c00
P,31453pr0002,31453
P,973pb0992,3814
P,3626bpr0587,3626b
P,973p86,3814
P,973pb0590,3814
P,973pb1386,3814
P,3069bpr0111,3069b
P,6309pr0061,6309
P,2431pr0050,2431
P,3005pr9937,3005
P,fabfig0018c06pr0001,fabfig0018c01pr0001
P,3037pr0012,3037
P,4066pr0123,4066
P,2431pr0013,2431
P,3038pr0001,3038
P,93273pr9995,93273
P,970x024pr9447,970x024
P,3626bpr0186,3626b
P,3626bpr0213,3626b
P,3069bpr0104,3069b
P,3626bpr0476,3626b
P,93591pr0018,93591
P,4215bpr0004,4215b
P,31110pr0041,31110
P,970c00pr1786,970c00
P,973c03h03pr5428,973c03h03
P,4181pr0006,4181
P,4066pr0179,4066
P,30650pr0006,30650
P,3626bpr1168,3626b
P,90639pr0003,90639
P,2446pr0043,2446
P,3626cpr1220,3626c
P,970c00pr0284,970c00
P,3626bpr0879,3626b
P,33009pr0004,33009
P,973c03h03pr4366,973c03h03
P,3678bpr0013,3678b
A,fabfig0002c10pr0001,fabfig0002c08pr0001
P,970x021pr1602,970x021
A,fabfig0001c02pr0001,fabfig0001c01pr0001
P,970c00pr2009,970c00
P,29988pr0006,29988
P,973c03h03pr3921,973c03h03
P,3005pr9936,3005
P,98569pr0006,98569
P,93587pr0001,93587
P,30126pr0003,30126
P,3626bpr0557,3626b
P,973pb0899,3814
P,973pa4,3814
P,3626bpr0758,3626b
P,973pm6,3814
P,87079pr0147,87079
P,33009pr0011,33009
P,4215apr0006,4215a
P,4346pr0002,4346
P,3039pr9952,3039
P,3068bpr0436,3068b
P,970c00pr0464,970c00
P,3626bpr0022,3626b
P,3626bpr9954,3626b
P,30601pr0001,30601
P,clikupn0065apr0012,clikupn0065a
P,2454bpr0003,2454b
P,4066pr0254,4066
P,3069bpr0071,3069b
A,fabfig0002c09pr0001,fabfig0002c08pr0001
M,65452,92910
P,32533pr0555,32533
P,41855pr0011,41855
P,3626bpr0093,3626b
P,3626bpr1058,3626b
P,3626bpr0595,3626b
P,3040bpr0012,3040b
P,3678bpr0009,3678b
P,41748pr0014,41748
P,3626bpr0914,3626b
P,3069bpr0013,3069b
P,3626bpr0279,3626b
P,2490pr0013,2490
P,3009apr0013,3009a
P,3626bpr0826,3626b
P,45677pr0015,45677
P,3626bpr0736,3626b
P,973pn5,3814
P,973pg0,3814
P,98223pr0020,98223
P,45449pr0006,45449
P,45466pr0003,45466
M,65453,92911
P,45466pr0004,45466
P,3626bpr0037,3626b
P,3005pr9956,3005
P,3626bpr0446,3626b
P,3068bpr0054,3068b
P,6213pr0004,6213
P,3039pr9965,3039
P,4066pr0214,4066
P,4066pr0215,4066
P,3297pr0022,3297
P,4198pr0022,4198
P,3005pr9898,3005
P,30182pr0002,30182
P,3821pr0003,3821
P,747c02pr0002,747
P,4198pr0021,4198
P,30647pr0003,30647
P,3005pr9891,3005
P,970c00pr0014,970c00
P,973c01h01pr9996,973c01h01
P,3846pr0031,3846
P,48494pr0003,48494
P,6111pr0006,6111
P,3626cpr1238,3626c
P,3005pr9977,3005
P,4182pr0008,4182
P,3005pr9960,3005
P,3900pr0001,3900
P,970x154pr9999,970x154
P,3626bpr0112,3626b
P,3626bpr0171,3626b
P,3626bpr0218,3626b
P,3626cpr0445,3626c
P,3626cpr9791,3626c
P,3069bpr0012,3069b
P,87079pr0035,87079
P,973pb0726,3814
P,3626bpr0016,3626b
P,3010pr0016,3010
P,3626bpr0643,3626b
P,973pb0051,3814
R,65453,92910
P,3009pr0058,3009
P,dupupn0100pr0005,dupupn0100
P,4198pr9987,4198
P,75902pr9999,75902
P,4346pr0011,4346
P,3660pr0005,3660
P,87079pr9979,87079
P,4066pr0241,4066
P,970c00pr0055,970c00
P,31110pr0135,31110
P,4346pr0006,4346
P,4162pr0008,4162
P,3626bpr0027,3626b
P,3626bpr0300,3626b
P,3004pr9986,3004
P,87079pr9980,87079
P,30601pr0005,30601
P,3004pr9978,3004
P,4066pr0255,4066
P,3005pr9942,3005
P,3069bpr0021,3069b
R,901956,901957
R,902221,902222
A,14427,86465
P,3960pr0009,3960
P,3626cpr0860,3626c
P,3678bpr0010,3678b
P,3068bpr0008,3068b
P,973c03h03pr2697,973c03h03
P,3008apr0016,3008a
P,3626bpr0598,3626b
P,777pr0004,777
P,973c03h03pr2595,973c03h03
P,93604pr0007,93604
P,3626cpr3300,3626c
P,973c03h03pr2683,973c03h03
P,19729pr0017,19729
P,3068bpr0227,3068b
P,3068bpr0233,3068b
P,973c03h03pr2481,973c03h03
M,51138,32125
P,3068bpr9940,3068b
P,970c00pr9959,970c00
P,3069bpr0093,3069b
P,973pb1419,3814
P,2300pr0003,2300
P,973pb0412,3814
P,45406pr0001,45406
P,3008pr0025,3008
P,970c00pr0274,970c00
P,4346pr0018,4346
P,970c00pr0019,970c00
P,3626cpr1475,3626c
P,42022pr0005,42022
P,973c03h03pr2628,973c03h03
P,47753pr0017,47753
P,4066pr0198,4066
P,3626bpr0331,3626b
P,3245apr0001,3245a
P,3626bpr0158,3626b
P,4162pr9991,4162
P,87613pr0004,87613
P,3068bpr0164,3068b
P,3003pr0002,3003
P,973c03h03pr2472,973c03h03
P,3626bpr0223,3626b
P,3755pr0001,3755
P,3821pr0005,3821
P,3626cpr0006,3626c
P,973c03h03pr2490,973c03h03
P,747c02pr0005,747
P,98138pr9994,98138
P,4066pr0164,4066
P,63864pr0026,63864
P,3004pr9972,3004
P,98100pr0012,98100
P,3626bpr0517,3626b
P,3298pr0047,3298
P,30562pr0003,30562
P,90639pr0004,90639
P,2446pr0040,2446
P,3960pr0005,3960
P,3070bpr0034,3070b
P,3960pr0006,3960
P,970c00pr0392,970c00
P,825pr0002,825
P,3068bpr0089,3068b
P,87079pr0144,87079
P,3001pr0036,3001
P,4485pr0003,4485
P,3678bpr0041,3678b
P,26603pr0007,26603
P,3626cpr0815,3626c
A,11841c05,13305c01
P,3626bpr0785,3626b
P,3009apr0018,3009a
P,970c00pr9910,970c00
P,3003pr0058,3003
T,21019c00pat030,21019c00
P,98834pr0005,98834
P,85961pr0001,85961
P,43898pr0002,43898
P,87998pr0001,87998
P,970c00pr9915,970c00
T,20608pat0001,20608
P,970c00pr0273,970c00
P,1022Apr0195,1022A
P,4594pr0001,4594
P,3626cpr2514,3626c
P,973pb0574,3814
P,970c00pr9912,970c00
A,98100pr0005,98100pr0012
P,87079pr0160,87079
P,3626cpr3370,3626c
P,1022Apr0196,1022A
P,3008pr0028,3008
R,dupupn0100pr0006,dupupn0068
P,3626bpr0251,3626b
P,3587pr0003,3587
P,890pr0001,890
P,1022Apr0197,1022A
P,2587pr0019,2587
P,32533pr0339,32533
P,3004pr9962,3004
P,4346pr0009,4346
P,970x194pr2013,970x194
P,4066pr0131,4066
P,30259pr0002,30259
P,970c00pr2012,970c00
P,1022Apr0198,1022A
P,2446pr0053,2446
P,3626bpr0207,3626b
P,31110pr0142,31110
P,3001pr0027,3001
R,24375,57518
M,3232,992
P,973pb0946,3814
P,4181pr0007,4181
P,41748pr0020,41748
P,3067pr0004,3067
P,973pb0101,3814
P,2335pr0024,2335
P,973pb0271,3814
P,50747pr0004,50747
P,3822pr0005,3822
P,970c00pr0709,970c00
P,43936pr0001,43936
P,6179pr9985,6179
P,3008pr0006,3008
P,3626bpr9967,3626b
P,3068bpr0182,3068b
P,970c00pr0428,970c00
P,3068bpr0194,3068b
P,3626bpr0761,3626b
P,2418bpr0003,2418b
P,3068bpr0066,3068b
P,3629pr0002,3629
P,3626bpr0465,3626b
P,31176pr0001,31176
P,3009pr0029,3009
P,1022Apr0199,1022A
P,3068bpr0106,3068b
P,30363pr0001,30363
P,3626cpr1473,3626c
P,3626bpr0563,3626b
P,3626bpr0953,3626b
P,10178pr0003,10178
P,3009apr0020,3009a
P,3001pr0043,3001
P,30144pr0009,30144
P,3003pr0003,3003
P,973p81,3814
P,973pb1181,3814
P,2494pr0005,2494
P,4150pr0034,4150
P,4066pr0249,4066
P,11818pr0234,11818
P,3626bpr0538,3626b
P,30602pr0002,30602
P,970c00pr0460,970c00
P,47757pr0003,47757
P,4066pr0134,4066
P,3008pr0014,3008
P,3626bpr0144,3626b
P,3003pr0013,3003
A,98100pr1000,98100pr0012
P,4444pr0005,4444
P,2431pr0060,2431
P,3626bpr0188,3626b
P,3626bpr0472,3626b
P,64462pr0001,64462
P,6309pr0063,6309
P,3010pr0041,3010
P,3004pr0037,3004
P,3005pr0016,3005
P,3626cpr2613,3626c
P,3660pr0010,3660
P,4150pr0041,4150
P,973c03h03pr2503,973c03h03
P,98100pr0001,98100
P,3960pr9986,3960
P,3626cpr0840,3626c
P,4066pr0209,4066
P,3068bpr9835,3068b
P,973pb1060,3814
P,6636pr0001,6636
P,3068bpr0068,3068b
P,upn0228pr0011,upn0228
P,970c00pr0379,970c00
P,973prc,3814
P,30485pr0002,30485
P,3626bpr0816,3626b
P,3068bpr9833,3068b
P,3001pr0020,3001
P,30144pr0021,30144
P,3626bpr0537,3626b
A,90498,48288
P,31111pr0018,31111
P,clikupn0063pr0004,clikupn0063
P,6111pr0002,6111
P,2582pr0005,2582
P,970c00pr0259,970c00
P,3626bpr0487,3626b
P,3001pr0014,3001
P,30231pr0002,30231
P,3754pr0009,3754
P,3011pr0031,3011
P,3626bpr9976,3626b
P,6239pr0012,6239
P,3626bpr0067,3626b
P,48125c03pr0001,48125c03
P,3626bpr0072,3626b
P,3626bpr0160,3626b
P,3297pr0014,3297
P,clikupn0065apr0013,clikupn0065a
P,3070bpr0081,3070b
P,3001apr0002,3001a
P,973c28h22pr5174,973c28h22
P,3626bpr9986,3626b
P,3626cpr1160,3626c
P,2431pr0056,2431
P,3069bpr0285,3069b
P,3008apr0029,3008a
P,71610pr0001,71610
P,4444pr0003,4444
P,3626bpr0697,3626b
P,3626bpr0941,3626b
P,60777pr0002,60777
P,3068bpr9946,3068b
B,98138pr0168,67217
P,4066pr0192,4066
P,6111pr0003,6111
P,3068bpr0177,3068b
P,98835pr0001,98835
P,3009pr0025,3009
P,3626bpr0245,3626b
P,3308pr0001,3308
P,98138pr0169,98138
P,2490pr0010,2490
P,6636pr0006,6636
P,3626bpr0138,3626b
R,65453,65452
P,973c03h02pr5342,973c03h02
P,973c03h02pr5343,973c03h02
R,92911,65452
P,973c03h02pr5325,973c03h02
P,3008apr0027,3008a
P,2446pr0022,2446
P,973pb0979,3814
P,6474pr9993,6474
P,970c00pr0035,970c00
P,3626bpr0832,3626b
P,2525pr0006,2525
P,973pb0500,3814
P,973pb0650,3814
P,3626bpr0470,3626b
P,98138pr0170,98138
P,3626bpr0733,3626b
P,970c00pr0139,970c00
P,685pr0003,685
P,30474pr0008,30474
P,30600pr0007,30600
P,3626cpr1250,3626c
P,970c00pr0579,970c00
P,6636pr0009,6636
P,48933pr0001,48933
P,3626bpr0555,3626b
P,3005pr9909,3005
P,3069bpr0054,3069b
P,3626cpr1156,3626c
P,3008pr0021,3008
P,4215apr0011,4215a
P,970c00pr0364,970c00
P,42022pr0001,42022
P,3846pr0028,3846
P,4444pr0008,4444
P,2431pr0029,2431
P,3626cpr1139,3626c
P,3039pr0016,3039
P,3626bpr0073,3626b
P,3626bpr0164,3626b
P,3626bpr1023,3626b
P,3626bpr0818,3626b
P,3069bpr0152,3069b
P,3298pr0050,3298
P,3069bpr0119,3069b
P,3626bpr0854,3626b
P,3298pr0032,3298
P,30287pr0005,30287
P,973pb0041,3814
P,50990apr9999,50990a
P,3068bpr0235,3068b
P,973c03h01pr3684,973c03h01
P,973c03h01pr5305,973c03h01
P,973c03h02pr5398,973c03h02
P,973c04h04pr9793,973c04h04
P,973c03h01pr4291,973c03h01
P,973c03h01pr4570,973c03h01
P,973c03h01pr4073,973c03h01
P,973c03h03pr2579,973c03h03
P,98603s01pr0008,98603
P,3069bpr0002,3069b
P,3846pr0003,3846
P,11477pr0012,11477
P,2493c02pr0001,2493c02
P,51675pr0001,51675
P,3867pr0001,3867
P,6213pr0014,6213
B,973p4q,973c31h01pr9999
P,3010pr9941,3010
P,3003pr0037,3003
P,3626cpr1234,3626c
P,31110pr0014,31110
P,3069bpr0092,3069b
P,3010pr9952,3010
P,3195pr0001,3195
P,3040bpr0004,3040b
P,3070bpr0032,3070b
P,57895pr0003,57895
P,2507pr0002,2507
P,63864pr0027,63864
P,973c22h22pr0001,973c22h22
P,85947pr0001,85947
P,970c00pr0022,970c00
P,3626cpr1073,3626c
P,2586pr0003,2586
P,970c00pr0399,970c00
P,3626bpr0593,3626b
P,973pb0838,3814
P,3009apr0014,3009a
P,90397pr0002,90397
P,6153apr0001,6153a
P,3626cpr9805,3626c
P,4066pr0165,4066
P,3626bpr0934,3626b
P,973pa5,3814
P,2384pr0006,2384
P,973pb0634,3814
P,4744pr0028,4744
P,2431pr0066,2431
P,3626cpr0901,3626c
P,98133pr0007,98133
P,970c00pr0126,970c00
P,93219pr0009,93219
P,3626bpr0802,3626b
P,3626cpr1239,3626c
P,30144pr0024,30144
P,970c00pr0527,970c00
P,4864apr0015,4864a
P,3010pr9979,3010
P,3245bpr0001,3245b
P,4066pr0197,4066
P,42061pr0006,42061
P,3626cpr0971,3626c
P,3626bpr0197,3626b
P,3069bpr0081,3069b
P,2525pr0005,2525
P,30366pr0004,30366
P,3039pr9981,3039
P,3062bpr9969,3062b
P,3626bpr0862,3626b
P,3626bpr1055,3626b
P,3626cpr1155,3626c
P,51035pr0001,51035
P,3008apr0017,3008a
P,3626bpr0512,3626b
P,3626bpr0343,3626b
P,32533pr0654,32533
P,51261pr0003,51261
P,2335pr0005,2335
P,3245bpr0008,3245b
P,3626cpr0791,3626c
P,4858pr0003,4858
P,3626cpr0781,3626c
P,30117pr0009,30117
P,3068bpr0017,3068b
P,3626bpr0821,3626b
P,973c01h01pr4641,973c01h01
P,3626bpr0410,3626b
P,28621pr0002,28621
P,upn0228pr0005,upn0228
P,3068bpr9952,3068b
P,87079pr0217,87079
P,3069bpr0044,3069b
P,685pr0004,685
P,30363pr0014,30363
P,4182pr0006,4182
P,3626bpr9984,3626b
P,3297pr0027,3297
P,3626cpr1148,3626c
P,3821pr0007,3821
P,3626bpr0231,3626b
P,3010pr9962,3010
P,3065pr0004,3065
P,3039pr9982,3039
P,3070bpr0086,3070b
P,3069bpr0184,3069b
P,93273pr0007,93273
P,2446pr0029,2446
P,98342pr0004,98342
P,3678bpr0078,3678b
P,41748pr0004,41748
P,3069bpr0190,3069b
P,973prd,3814
P,973pt2,3814
P,973pb0410,3814
P,41747pr0021,41747
P,3626cpr1479,3626c
P,4209pr0003,4209
P,3626bpr0660,3626b
P,3069bpr0204,3069b
P,93060pr0002,93060
P,4150pr0021,4150
P,3001pr0015,3001
P,455pr0002,455
P,3069bpr0170,3069b
P,3626bpr0005,3626b
P,3069bpr0047,3069b
P,3008pr0042,3008
P,30303pr0001,30303
P,30156pr0004,30156
P,4150pr0045,4150
P,30117pr0002,30117
P,3039pr9988,3039
P,4728pr0001,4728
P,3626cpr0855,3626c
P,2587pr0013,2587
P,3626bpr0544,3626b
P,90639pr0005,90639
P,87079pr9978,87079
P,3626cpr0964,3626c
P,3037pr0018,3037
P,970c00pr0715,970c00
P,2528pr0002,2528
P,4444pr0006,4444
R,50903,50901
P,3626bpr0686,3626b
P,93591pr0003,93591
P,6180pr0001,6180
P,3626bpr0519,3626b
P,3626bpr0734,3626b
P,973pb0420,3814
P,3062bpr0037,3062b
P,3068bpr0033,3068b
P,3005pr9908,3005
P,3003pr0009,3003
T,973c06h06,973c00
P,973c27h01pr4688,973c27h01
P,3004pr9990,3004
P,970c00pr0270,970c00
P,6213pr0006,6213
P,973c03h03pr2916,973c03h03
P,6069pr0001,6069
P,3039pr9990,3039
P,3005pr9904,3005
P,42061pr0007,42061
P,31213pr0012,31213
P,2335pr0008,2335
T,973c06h27,973c00
P,3626bpr0076,3626b
P,4215apr0019,4215a
P,3626bpr0191,3626b
P,3626bpr0305,3626b
P,4744pr0024,4744
P,3003pr0011,3003
P,3003pr0012,3003
P,30120pr0002,30120
A,fabfig0002c01pr0001,fabfig0002c08pr0001
P,45449pr0002,45449
P,1022Apr0200,1022A
P,31110pr0070,31110
P,3626bpr0215,3626b
P,4181pr0001,4181
P,93587pr0002,93587
P,99242pr0001,99242
P,3298pr0013,3298
P,48288pr0004,48288
P,973pb0839,3814
P,2335pr0009,2335
P,973p04,3814
P,973p05,3814
P,3626bpr0387,3626b
P,973p8f,3814
P,973p0b,3814
P,973pb0069,3814
P,3626bpr0047,3626b
P,3001pr0008,3001
P,3245bpr0009,3245b
P,2598pr0001,2598
P,3001pr0017,3001
P,4066pr0268,4066
P,4198pr9984,4198
P,3626bpr0066,3626b
P,6214pr0003,6214
P,3005pr9946,3005
P,3626bpr0174,3626b
P,3626bpr0226,3626b
P,3024pr0006,3024
P,3587pr0001,3587
P,3009pr0009,3009
P,3009pr0010,3009
P,45409pr0002,45409
P,3811pr0001,3811
P,91884pr0002,91884
P,3070bpr0030,3070b
P,3070bpr0077,3070b
P,3626bpr0947,3626b
P,4864apr0002,4864a
P,2431pr0055,2431
P,3437pr0066,3437
P,3069bpr0109,3069b
P,2490pr0002,2490
P,48288pr0003,48288
P,3001apr0006,3001a
P,2446pr0025,2446
P,3298pr0003,3298
P,40373pr0001,40373
P,3626cpr1185,3626c
P,1022Apr0202,1022A
P,3626bpr0344,3626b
P,3846pr0016,3846
P,973p16,3814
P,3068bpr0211,3068b
P,6180pr0002,6180
P,11203pr0006,11203
P,47757pr0001,47757
P,3069bpr0035,3069b
P,3001pr0042,3001
P,3009pr0011,3009
P,41854pr0014,41854
P,30603pr0011,30603
P,3660pr0002,3660
P,51595pr0003,51595
P,90639pr0022,90639
P,2446pr0037,2446
P,3626bpr0075,3626b
P,3068bpr0112,3068b
P,41747pr0015,41747
P,970c00pr0352,970c00
P,4162pr0003,4162
P,3009apr0038,3009a
P,973p1e,3814
P,4150pr0004,4150
P,4066pr0210,4066
P,4066pr0169,4066
P,3626bpr0714,3626b
P,45462pr0004,45462
P,973p1g,3814
P,3626bpr0711,3626b
P,3626cpr0936,3626c
P,87079pr0008,87079
P,3626cpr1236,3626c
P,3068bpr0180,3068b
P,3068bpr0205,3068b
P,3001pr0032,3001
P,3005pr9925,3005
P,777pr0016,777
P,973p1k,3814
P,973p1m,3814
P,3660pr0006,3660
P,4066pr0206,4066
P,973p1n,3814
P,3010pr9953,3010
P,4066pr0111,4066
P,30259pr0001,30259
P,3009pr0027,3009
P,3009pr0051,3009
P,3010pr9955,3010
P,3068bpr0386,3068b
P,6213pr0003,6213
P,3068bpr0044,3068b
P,4066pr0243,4066
P,3009pr0050,3009
P,3626cpr0869,3626c
P,3069bpr0051,3069b
P,32296pr0002,32296
P,42511pr0002,42511
P,3626cpr1484,3626c
P,3626cpr0008,3626c
P,3678bpr0033,3678b
P,973pw3,3814
P,970c00pr0238,970c00
P,6180pr0003,6180
P,973p1r,3814
P,3626cpr1257,3626c
P,3626bpr9963,3626b
P,3626bpr0651,3626b
P,973pb1219,3814
P,973p20,3814
P,3626bpr0773,3626b
P,30181pr0001,30181
P,3626bpr0718,3626b
P,973pb0205,3814
P,3626bpr0850,3626b
P,3626bpr0848,3626b
P,3069bpr0037,3069b
P,3004pr9960,3004
P,44661pr0001,44661
P,3298pr0025,3298
P,2490pr0012,2490
P,2493c01pr0001,2493c01
P,970c00pr0116,970c00
P,3069bpr0050,3069b
P,3009pr0044,3009
P,3245bpr0006,3245b
P,3626bpr0155,3626b
P,6474pr0011,6474
P,6213pr0002,6213
P,3626bpr0180,3626b
P,3010pr9949,3010
P,3626bpr0299,3626b
P,3008pr0018,3008
P,3068bpr0360,3068b
P,30633pr0007,30633
P,3626bpr0574,3626b
P,3626bpr0886,3626b
P,3068bpr0110,3068b
P,3626bpr1061,3626b
P,2490pr0005,2490
P,2586pr0001,2586
P,17349pr0001,17349
P,47543pr0001,47543
P,3009apr0023,3009a
P,973pb0742,3814
P,3008apr0020,3008a
P,973p25,3814
P,973p26,3814
P,973p27,3814
P,30602pr0001,30602
P,973p28,3814
P,87079pr0028,87079
P,30602pr0018,30602
P,973p2a,3814
P,3039pr9963,3039
P,973p2d,3814
P,973p2f,3814
P,973ph3,3814
P,4215apr0003,4215a
P,40374pr0001,40374
P,3596pr0001,3596
P,3005pr9932,3005
P,970c00pr0045,970c00
P,42061pr0005,42061
P,970c00pr9791,970c00
P,43898pr0005,43898
P,3626cpr9757,3626c
P,3069bpr0039,3069b
P,6636pr0003,6636
P,3626cpr9756,3626c
P,3626bpr0107,3626b
P,3846pr0038,3846
P,3626bpr0128,3626b
P,3626bpr0244,3626b
P,3297pr0018,3297
P,3298pr0016,3298
P,3005pr9949,3005
P,4215apr0018,4215a
P,3008pr0007,3008
P,30603pr0013,30603
P,6153apr0004,6153a
P,973c06h06pr3337,973c06h06
P,11203pr0011,11203
P,6131pr0002,6131
P,85974pr0002,85974
P,3070bpr0090,3070b
P,3070bpr0092,3070b
P,3626bpr0814,3626b
P,30602pr0034,30602
P,4066pr0250,4066
P,3068bpr0116,3068b
P,3960pr9991,3960
P,3626bpr0702,3626b
P,14pr0004,14
P,970c00pr9790,970c00
P,3068bpr0117,3068b
P,3068bpr0392,3068b
P,3626cpr0997,3626c
P,3001pr0026,3001
P,3678bpr0017,3678b
P,31110pr0143,31110
P,3009apr0031,3009a
P,45462pr0003,45462
P,970c00pr9789,970c00
P,3039pr9970,3039
P,970c00pr9990,970c00
P,973p2h,3814
P,973p2k,3814
P,40382c01pr0001,40382c01
P,93587pr0019,93587
P,3626bpr0289,3626b
P,973pb0106b,3814
P,973pb0108,3814
P,2384pr0003,2384
P,3297pr0001,3297
P,973c03h02pr0001,973c03h02
P,3626bpr0071,3626b
P,33013pr0001,33013
P,3626bpr0243,3626b
P,87552pr0010,87552
P,3626cpr1080,3626c
P,777pr0008,777
P,4066pr0135,4066
P,3039pr9975,3039
P,3062bpr9979,3062b
P,4215apr0004,4215a
P,970x199pr9994,970x199
P,970c00pr0231,970c00
P,970c00pr0006,970c00
P,973c27h01pr4602,973c27h01
P,2465pr0002,2465
P,3001pr0025,3001
P,3068bpr0076,3068b
P,973c01h01pr0016,973c01h01
P,3001pr0034,3001
P,32533pr0589,32533
P,98138pr0002,98138
P,3626cpr1474,3626c
B,98138pr0170,67217
P,973pb1220,3814
P,973c27h01pr4523,973c27h01
P,4515pr0001,4515
P,973c27h01pr4559,973c27h01
P,41854pr0012,41854
P,3069bpr0120,3069b
P,973p39,3814
P,2431pr0070,2431
P,40373pr0003,40373
P,3626cpr9755,3626c
P,970c00pr9788,970c00
P,30639pr0002,30639
P,4512pr0001,4512
P,4864apr0013,4864a
P,3626bpr0306,3626b
P,29540pr0001,29540
P,3068bpr0061,3068b
P,777pr0017,777
P,3626bpr0123,3626b
P,3626bpr0209,3626b
P,3068bpr0212,3068b
P,3068bpr0216,3068b
P,3678apr0001,3678a
P,3070bpr0043,3070b
P,4066pr0116,4066
P,973pb0914,3814
P,973c03h03pr2891,973c03h03
P,3678bpr0001,3678b
P,1022Apr0204,1022A
P,3069bpr0175,3069b
P,973p74,3814
P,3626bpr0776,3626b
P,973pb0289,3814
P,973pb0566,3814
P,upn0228pr0009,upn0228
P,4066pr0259,4066
P,1041Apr0013,1041A
P,2586pr0012,2586
P,3009pr0046,3009
P,30144pr0011,30144
P,3626cpr9747,3626c
P,973c01h01pr0020,973c01h01
P,23186pr0001,23186
P,973c21h21pr5796,973c21h21
P,777pr0009,777
P,973c21h21pr5795,973c21h21
P,4354c02pr0001,4354c02
P,3626bpr9961,3626b
P,973c03h03pr3170,973c03h03
P,64462pr0002,64462
P,31333pr0004,31333
P,3068bpr0077,3068b
P,4150pr0017,4150
P,973c01h01pr3210,973c01h01
P,3069bpr0082,3069b
P,3069bpr0130,3069b
P,3626bpr0789,3626b
P,93591pr0012,93591
P,973c01h01pr4355,973c01h01
P,973c01h01pr1171,973c01h01
P,2340pr0001,2340
P,973c28h22pr3334,973c28h22
P,3899pr0001,3899
P,3070bpr0042,3070b
P,970c00pr0240,970c00
P,41747pr0002,41747
P,3626bpr0732,3626b
P,10178pr0006,10178
P,3626bpr0740,3626b
P,30602pr0014,30602
P,30602pr0021,30602
P,973pb0740,3814
P,3008apr0010,3008a
R,32553,32554
P,10178pr0005,10178
P,17347pr0002,17347
R,47312,47313
P,3626bpr0849,3626b
P,6505c01pr0001,6505c01
R,47312,57536
R,53565pr0001,47313
R,53565pr0001,57536
P,14718pr0003,14718
P,973p3f,3814
P,973p3r,3814
P,3834pr0001,3834
M,48267,41669
P,3068bpr0175,3068b
P,6239pr0009,6239
P,42450pr0001,42450
P,973c03h27pr0002,973c03h27
R,60478,63868
P,3069bpr0060,3069b
P,30145pr0003,30145
A,433c01,429c02
P,970c00pr0346,970c00
P,3068bpr0140,3068b
P,3626bpr1090,3626b
P,970c00pr0269,970c00
P,87079pr0031,87079
P,4181pr0004,4181
P,2335pr0020,2335
P,30647pr0008,30647
P,30144pr0033,30144
P,4066pr0182,4066
P,4864apr0003,4864a
P,3626bpr0312,3626b
P,3626bpr0313,3626b
P,3005pr9981,3005
P,3626cpr0647,3626c
P,973c28h22pr2635,973c28h22
P,3626cpr0822,3626c
P,3298pr0027,3298
P,3626bpr9989,3626b
B,2913,2913c01
P,3626cpr1129,3626c
P,2586pr0006,2586
P,3069bpr0004,3069b
P,4162pr0019,4162
P,970c00pr0156,970c00
P,3005pr9952,3005
P,3626bpr0020,3626b
P,973p43,3814
P,93273pr9997,93273
P,3001pr0022,3001
P,3068bpr9943,3068b
P,32533pr0442,32533
P,4066pr0211,4066
P,30633pr0002,30633
P,3011pr0034,3011
P,3008pr0029,3008
P,970c00pr0157,970c00
P,3626bpr0540,3626b
P,3626bpr0045,3626b
P,45301pr0001,45301
P,3010pr9942,3010
P,48138pr0002,48138
P,970c00pr0193,970c00
P,3626bpr1093,3626b
P,4066pr0167,4066
P,2291pr0001,2291
P,3068bpr0051,3068b
P,3626bpr0883,3626b
P,31110pr0144,31110
P,3070bpr0064,3070b
P,3070bpr0033,3070b
P,3626bpr0137,3626b
P,45466pr0005,45466
P,3626cpr0410,3626c
P,3678bpr0020,3678b
P,3678bpr0032,3678b
P,4162pr0027,4162
P,31193pr0003,31193
P,4215apr0010,4215a
P,973pb1152,3814
P,973p46,3814
P,3039pr0012,3039
P,40925pat0006pr0001,40925pat0006
P,3626bpr0035,3626b
P,6840c01pr0001,6840c01
P,3003pr0022,3003
P,970c00pr0008,970c00
P,3068bpr9955,3068b
P,2490pr0007,2490
P,98376pr0001,98376
P,3069bpr0061,3069b
P,3626bpr0239,3626b
P,3010pr9968,3010
P,3068bpr0174,3068b
P,973c03h03pr2854,973c03h03
P,93273pr0006,93273
P,3626bpr0561,3626b
P,31111pr0024,31111
P,3006pr0003,3006
P,3010pr9981,3010
P,3596pr0004,3596
P,772pr0001,772
P,3010pr9974,3010
P,3626bpr0006,3626b
P,4066pr0136,4066
P,4744pr0023,4744
P,2723pr0003,2723
P,3009pr0048,3009
P,4740pr0015,4740
P,30363pr0003,30363
P,973pb0076,3814
P,41747pr0010,41747
P,41748pr0002,41748
P,6180pr0013,6180
P,3626bpr0048,3626b
P,30363pr0012,30363
P,47753pr0019,47753
P,2586pr0005,2586
M,93219,11303
P,3068bpr0007,3068b
P,973pb1418,3814
P,48138pr0001,48138
P,3626bpr1001,3626b
P,973p4q,3814
P,973p4r,3814
P,4150pr0029,4150
P,973p4s,3814
P,3008pr0039,3008
P,973pb0283,3814
P,2440pr0006,2440
P,upn0228pr0003,upn0228
P,3001pr0044,3001
P,3069bpr0066,3069b
P,6152pr0001,6152
P,4066pr0103,4066
P,90398pr0012,90398
P,93219pr0008,93219
P,3626bpr0806,3626b
P,4181pr0002,4181
P,3009pr0059,3009
P,4197pr0007,4197
P,4444pr0002,4444
P,30261pr0008,30261
P,3626bpr0276,3626b
P,3005pr9953,3005
P,3626bpr0204,3626b
P,2335pr0026,2335
P,3626bpr1022,3626b
P,4150pr0039,4150
P,3297pr0004,3297
P,32439apr0001,32439a
P,3068bpr0004,3068b
P,64462pr0003,64462
P,970c00pr0528,970c00
P,973c03h03pr3218,973c03h03
P,973c03h03pr3285,973c03h03
P,3626cpr1483,3626c
P,3068bpr0204,3068b
P,2586pr0008,2586
P,3626cpr1184,3626c
P,973c03h03pr3299,973c03h03
P,3626cpr0865,3626c
P,973c03h03pr3339,973c03h03
M,10884,30239
P,3068bpr0137,3068b
P,3069bpr0131,3069b
P,973c03h03pr3503,973c03h03
P,98138pr0004,98138
P,45705pr0006,45705
P,3626bpr0762,3626b
P,93273pr0004,93273
P,2437pr0002,2437
P,2431pr0054,2431
P,87079pr0036,87079
M,61068,88930
A,3149ac01,3149bc01
P,3626cpr1537,3626c
P,3626bpr0216,3626b
P,93273pr9996,93273
P,3626cpr1046,3626c
P,3626cpr1043,3626c
P,3626cpr1047,3626c
P,3626bpr0650,3626b
P,2587pr0031,2587
P,970c00pr0516,970c00
P,973c03h03pr3624,973c03h03
P,92586pr0002,92586
P,3626bpr0583,3626b
P,3626bpr0479,3626b
P,3068bpr9832,3068b
P,3626bpr0471,3626b
P,3626bpr0347,3626b
P,3626bpr0473,3626b
P,3626bpr0474,3626b
P,973c03h03pr3949,973c03h03
P,973c03h03pr4566,973c03h03
P,973c03h03pr9757,973c03h03
P,3626cpr1036,3626c
P,3626cpr1038,3626c
M,58177,32175
P,3626cpr0411,3626c
P,973c03h03pr9924,973c03h03
M,17114,57908
P,87614pr0001,87614
P,3626bpr0520,3626b
A,72454,4854
P,973c27h01pr4565,973c27h01
P,973c27h01pr3782,973c27h01
A,973c03h03pr9924,973c03h03pr3949
A,15332,30055
A,74698,2376
M,88323,57518
P,3960pr9973,3960
P,973c03h03pr2878,973c03h03
R,4862,2377
R,60601,60032
A,60032,2377
R,4862,4863
R,60601,61345
A,61345,4863
P,970c00pr1424,970c00
R,60601,90195
R,60601,60592
P,14769pr0001,14769
P,970c00pr1425,970c00
M,54087,56145
A,6556,4033
P,3070bpr0007,3070b
P,3626cpr1001,3626c
P,973c03h03pr9958,973c03h03
P,970c00pr9999,970c00
P,973c01h01pr1379,973c01h01
P,973c01h01pr1082,973c01h01
P,973c01h01pr1585,973c01h01
P,973c01h01pr1164,973c01h01
P,973c01h01pr9732,973c01h01
P,973c01h01pr4902,973c01h01
A,973c01h01pr4902,973c01h01pr1585
P,3039pr0062,3039
P,3678bpr0070,3678b
A,6216b,6216a
P,1022Apr0203,1022A
A,3149ac01,3149cc01
P,2587pr0029,2587
P,3626bpr0552,3626b
P,19888pr0001,19888
P,10168pr0001,10168
P,3626bpr0513,3626b
P,3626bpr0635,3626b
P,3626bpr0378,3626b
A,4859,48183
P,3626bpr0518,3626b
P,3678bpr0071,3678b
P,24792pr0001,24792
P,3626bpr0459,3626b
P,2587pr0014,2587
P,2587pr0016,2587
P,2587pr0015,2587
P,3626bpr0580,3626b
T,51874pat0001,51874
P,970c00pr0742,970c00
P,3626cpr1527,3626c
P,3626cpr1526,3626c
T,59224pat0001,59224
T,59224pat0003,59224
T,59224pat0002,59224
T,59224pat0004,59224
P,2694pr0002,2694
P,6179pr0002,6179
R,89159,87754
T,62438pat0001,62438
T,62438pat0002,62438
T,62438pat0003,62438
T,62438pat0004,62438
T,62436pat0001,62436
T,62436pat0002,62436
T,62436pat0003,62436
T,62436pat0004,62436
R,62436pat0004,62438pat0004
R,62436pat0003,62438pat0003
R,62436pat0002,62438pat0002
R,62436pat0001,62438pat0001
T,2546pat0001,2546
P,3626cpr1294,3626c
P,3626cpr1298,3626c
P,6179pr0003,6179
P,3678bpr0005,3678b
P,3626bpr0402,3626b
P,3626bpr0342,3626b
P,3626cpr1302,3626c
P,970c00pr0597,970c00
P,973p4v,3814
P,3626cpr1304,3626c
P,970c00pr0594,970c00
P,973c06h06pr2695,973c06h06
P,3626cpr1305,3626c
P,970c00pr0599,970c00
P,973c27h01pr4290,973c27h01
P,3626cpr1307,3626c
P,3626bpr0516,3626b
P,3626bpr0649,3626b
P,3626bpr0646,3626b
M,98313,53989
P,973p4w,3814
P,970c00pr0714,970c00
P,clikupn0065apr0014,clikupn0065a
P,clikupn0065apr0001,clikupn0065a
P,68512pr0001,68512
P,85984pr9999,85984
P,970c00pr9967,970c00
A,14728c30,14728
P,970c00pr9970,970c00
P,970c00pr9972,970c00
A,14728c100,14728
A,14728c125,14728
A,14728c200,14728
P,973c27h01pr4152,973c27h01
A,88072,4623
M,586c01a,586c01
P,54097pr0001,54097
P,973c27h01pr9692,973c27h01
P,973c27h01pr4166,973c27h01
P,973c27h01pr4201,973c27h01
P,973c27h01pr3211,973c27h01
P,973c27h01pr4015,973c27h01
P,973c27h01pr3944,973c27h01
P,973c27h01pr3942,973c27h01
P,973c27h01pr3888,973c27h01
P,973c27h01pr3935,973c27h01
P,973c27h01pr2880,973c27h01
P,973c27h01pr2999,973c27h01
P,973c27h01pr2949,973c27h01
P,973c27h01pr2943,973c27h01
P,clikupn0065apr0015,clikupn0065a
P,3626cpr3201,3626c
T,6086pat0001,6086
M,15712,2555
M,93794,2555
M,12825,2555
M,15038,44772
A,76019,76244
P,2431pr0003,2431
A,3149bc01,3149cc01
P,970c00pr0649,970c00
P,3626cpr0639,3626c
P,973c03h03pr9972,973c03h03
P,6178pr0005,6178
P,4162pr0021,4162
P,15068pr0003,15068
T,30294pat0001,30294
P,3678bpr0044,3678b
P,3942cpr0002,3942c
P,973c06h06pr2262,973c06h06
P,973c03h03pr9981,973c03h03
P,973c03h03pr0007,973c03h03
P,973c06h06pr2266,973c06h06
P,973c03h03pr0054,973c03h03
P,30480pr0001,30480
P,973c03h03pr0072,973c03h03
P,3068bpr9831,3068b
P,973c03h03pr0081,973c03h03
A,fabfig0001c08pr0001,fabfig0001c05pr0001
T,54821pat0005,54821
P,973c03h03pr0096,973c03h03
P,3626cpr3202,3626c
T,54821pat0007,54821
P,3068bpr9830,3068b
A,15456,3731
P,973c03h03pr0009,973c03h03
P,973c03h03pr9999,973c03h03
T,973c03h27,973c00
P,973c03h27pr2158,973c03h27
P,11203pr0005,11203
M,92410,4532
P,3068bpr0231,3068b
P,98100pr1001,98100
P,3626bpr0922,3626b
P,3626cpr0499,3626c
P,973c03h27pr1278,973c03h27
P,973c03h27pr1649,973c03h27
P,973c06h06pr1179,973c06h06
P,973c03h27pr1684,973c03h27
P,973c06h06pr1822,973c06h06
P,970c00pr0652,970c00
P,973c27h01pr2625,973c27h01
P,973c03h27pr1828,973c03h27
P,973c03h27pr2100,973c03h27
P,30375pr0001,30375
P,30378pr0001,30378
P,973c03h27pr2308,973c03h27
P,970c00pr0063,970c00
P,3626cpr0011,3626c
P,3626cpr0999,3626c
P,970c00pr0555,970c00
P,973c03h27pr2750,973c03h27
P,31213pr9998,31213
P,3626bpr0591,3626b
P,3626cpr0893,3626c
P,3626cpr0646,3626c
P,22385pr9999,22385
P,3626cpr0955,3626c
P,3626bpr0388,3626b
P,3626cpr0282,3626c
P,3626bpr0498,3626b
M,upn0003,96907
P,3626bpr0890,3626b
P,3626cpr1581,3626c
P,3626bpr0314,3626b
P,3626bpr0891,3626b
P,3626cpr0891,3626c
P,3626bpr0836,3626b
P,970c00pr9909,970c00
P,973p68,3814
P,3626cpr0015,3626c
P,973c03h27pr3028,973c03h27
P,3626bpr0889,3626b
P,3626cpr0889,3626c
P,3069bpr0010,3069b
P,3626bpr0386,3626b
P,98138pr0022,98138
A,fabfig0001c03pr0001,fabfig0001c04pr0001
P,3626bpr0566,3626b
P,16709pat0001pr0001,16709pat0001
P,42511pr0003,42511
M,3626bpr0902,3626cpr0902
P,3068bpr0014,3068b
P,3068bpr0013,3068b
P,98368pr0001,98368
P,3899pr0005,3899
P,3899pr0004,3899
P,3899pr0003,3899
T,973c06h01,973c00
P,973c06h01pr9703,973c06h01
P,3068bpr0015,3068b
P,3068bpr0016,3068b
P,973c03h27pr2488,973c03h27
P,970c00pr0636,970c00
P,4349pr0001,4349
P,3626cpr1404,3626c
P,3626bpr0573,3626b
P,3626bpr0594,3626b
R,30170,30171
P,64462pr0004,64462
P,973c03h27pr0165,973c03h27
A,fabfig0001c06pr0001,fabfig0001c01pr0001
P,2431pr0121,2431
P,4162pr0034,4162
P,4162pr0052,4162
P,973c03h27pr3295,973c03h27
P,970c00pr0358,970c00
P,970c00pr0153,970c00
P,970c00pr0489,970c00
A,6140,4873
P,30408pr0002,30408
P,970c00pr0196,970c00
P,973c01h01pr1944,973c01h01
P,973c01h01pr2001,973c01h01
P,973c01h01pr1956,973c01h01
P,973c01h01pr2521,973c01h01
P,30408pr0003,30408
P,30408pr0005,30408
P,2230pr0003,2230
P,30370pr0008,30370
P,30408pr0006,30408
P,30408pr0007,30408
P,30408pr0009,30408
P,64462pr0005,64462
P,30408pr0014,30408
P,30408pr0015,30408
P,30408pr0016,30408
P,30408pr0017,30408
P,30408pr0001,30408
T,66960pat0001,66960
P,98138pr0172,98138
P,3044bpr0001,3044b
P,3678bpr0077,3678b
P,30370pr0013,30370
P,98138pr0024,98138
P,3960pr0030,3960
P,98138pr0010,98138
M,98560,3684
P,1022Apr0205,1022A
P,30370pr0015,30370
P,30370pr0017,30370
P,30370pr0018,30370
P,30370pr0019,30370
P,11538pr0001,11538
P,11538pr0002,11538
P,1022Apr0213,1022A
P,30372pr0007,30372
P,98100pr1002,98100
P,30370pr1000,30370
P,57895pr0005,57895
P,970c00pr0604,970c00
P,3626cpr1278,3626c
P,3626cpr1280,3626c
P,30408pr0008,30408
P,30261pr0001,30261
P,61195pr0001,61195
P,61195pr0002,61195
B,604550,11402
M,604550,55298
P,1021Apr0083,1021A
B,604549,11402
B,604548,11402
M,604548,55296
P,1021Apr0084,1021A
B,604553,11402
B,604615,11402
B,604614,11402
B,604551,11402
M,604551,55299
B,604547,11402
M,604547,55295
P,1021Apr0085,1021A
B,604552,11402
M,604552,55300
B,97790,93082
B,97791,93082
B,97785,93082
B,97793,93082
B,97787,93082
B,97783,93082
B,97784,93082
B,97782,93082
B,97781,93082
P,3298pr0048,3298
P,13336pr0001,13336
P,13336pr0002,13336
P,3678bpr0011,3678b
P,93091pr0003,93091
P,93091pr0004,93091
P,14734pr0005,14734
P,2587pr0002,2587
P,11602pr0001,11602
P,93089pr0003,93089
P,11602pr0009,11602
P,14732pr0001,14732
P,3039pr9979,3039
P,3039pr9978,3039
P,92586pr0001,92586
P,14732pr0002,14732
P,92586pr0003,92586
P,14736pr0001,14736
P,14736pr0002,14736
P,98388pr0005,98388
P,98388pr0004,98388
P,3626cpr1481,3626c
P,11575pr0001,11575
P,11575pr0002,11575
R,2866,53403
P,973c03h27pr3304,973c03h27
P,6251pr0003,6251
P,6251pr0002,6251
P,98387pr0001,98387
P,14734pr0001,14734
P,98389pr0001,98389
P,98389pr0002,98389
P,98387pr0002,98387
P,4740pr0016,4740
P,98388pr0001,98388
P,973c03h27pr3498,973c03h27
P,87079pr0063,87079
P,15627pr0006,15627
P,60671pr0004,60671
P,60671pr0002,60671
P,15625pr0003,15625
P,15625pr0001,15625
P,15625pr0002,15625
P,15625pr0004,15625
A,973c03h27pr1684,973c03h27pr3498
P,15627pr0007,15627
P,15627pr0003,15627
P,22385pr9998,22385
P,22385pr9995,22385
P,15627pr0001,15627
P,18675pr0017,18675
P,15627pr0002,15627
P,15068pr0034,15068
P,4740pr0006,4740
P,4740pr0011,4740
P,4740pr0003,4740
A,10314,6191
P,30602pr0005,30602
P,3626cpr1152,3626c
P,973c03h27pr3504,973c03h27
M,87544,2362
P,3070bpr0001,3070b
P,15627pr0005,15627
P,60603pr0001,60603
M,16577,3308
P,3626cpr1452,3626c
P,3626cpr1451,3626c
P,3626cpr1413,3626c
P,3626cpr1414,3626c
P,3626cpr0017,3626c
P,15738pat0001pr0001,15738pat0001
P,15738pat0001pr0002,15738pat0001
P,973c03h27pr3555,973c03h27
P,973c03h27pr4914,973c03h27
P,3068bpr0226,3068b
P,3626cpr1158,3626c
P,3626cpr1153,3626c
R,2230pr0003,2231
P,973c01h01pr1081,973c01h01
P,3069bpr0137,3069b
P,3039pr0013,3039
P,3039pr0005,3039
P,973c03h27pr1508,973c03h27
P,973c27h01pr3693,973c27h01
A,3149dc01,3149ac01
P,45450pr0002,45450
P,970c00pr0682,970c00
A,38781,24184
P,973c06h06pr2690,973c06h06
P,3069bpr9999,3069b
P,2431pr9997,2431
P,6636pr9999,6636
P,973c27h01pr2758,973c27h01
P,3039pr0018,3039
P,3626cpr1498,3626c
P,87079pr0050,87079
P,3068bpr0095,3068b
P,62699pr0001,62699
P,30372pr0004,30372
P,3024pr0009,3024
P,88930pr0003,88930
M,50859b,50859
M,50859a,50859
A,4092,4025
P,6178pr0001,6178
P,6178pr0002,6178
P,6178pr0003,6178
P,3069bpr0138,3069b
P,6636pr9998,6636
P,6179pr0017,6179
T,66960pat0002,66960
P,6179pr0011,6179
P,3626cpr1285,3626c
P,3626cpr1180,3626c
P,3678bpr0039,3678b
P,973c22h01pr5466,973c22h01
R,2866,53406
P,973c22h01pr0006,973c22h01
P,973c06h01pr2609,973c06h01
P,973c22h01pr0007,973c22h01
P,973c22h01pr5463,973c22h01
P,970c00pr9844,970c00
P,973c03h27pr1868,973c03h27
P,973c28h22pr2047,973c28h22
P,973c03h27pr0813,973c03h27
P,973c03h03pr2286,973c03h03
P,973c27h01pr2942,973c27h01
P,973c03h03pr2293,973c03h03
P,973c03h03pr2337,973c03h03
P,3069bpr0315,3069b
P,3039pr0030,3039
P,3068bpr9888,3068b
T,61406pat0011,61406
A,18825pr0052,18825pr0040
P,31333pr0007,31333
P,31333pr0008,31333
P,31333pr0009,31333
P,31333pr0010,31333
P,27383pr0002,27383
P,27383pr0001,27383
P,31213pr0007,31213
P,3011pr1046,3011
P,3011pr1045,3011
P,76371pr0187,76371
P,76371pr0186,76371
P,76371pr0185,76371
P,76371pr0184,76371
P,76371pr0183,76371
A,44141a,44141
P,3437pr0150,3437
P,3437pr0151,3437
P,3437pr0152,3437
P,28592pr0003,28592
A,11248c05,11248c01
A,11248c06,11248c01
A,bioupn0003,44141
A,11248c07,11248c01
A,11248c08,11248c01
A,bioupn0004,44141
P,11170pr0013,11170
A,bioupn0005,44141
P,11170pr0014,11170
A,bioupn0006,44141
A,bioupn0007,44141
P,98603s01pr0011,98603
T,92235pat0003,92235
P,93219pr0007,93219
R,53406,53403
P,11170pr0015,11170
P,3626cpr3268,3626c
T,92235pat0002,92235
P,87621pr0003,87621
A,58123b,58123a
P,3039pr0015,3039
P,47753pr0013,47753
P,47753pr0014,47753
P,11170pr0016,11170
P,11170pr0017,11170
P,3626cpr1286,3626c
P,98223pr0021,98223
P,3626cpr1287,3626c
P,3626cpr0896,3626c
P,98224pr0022,98224
R,19119,3742
P,95674pr0003,95674
P,3626cpr1369,3626c
P,3626cpr1288,3626c
P,4198pr9978,4198
P,970c00pr0658,970c00
P,3626cpr1388,3626c
P,3626cpr1389,3626c
P,3626cpr1393,3626c
P,3626cpr1467,3626c
P,85974pr0003,85974
P,85974pr0004,85974
P,3626cpr1468,3626c
P,970c00pr0606,970c00
P,31000pr0009,31000
P,3626cpr1361,3626c
P,3626cpr1360,3626c
P,970c00pr0605,970c00
P,3626cpr1340,3626c
P,3626cpr1328,3626c
P,31000pr0010,31000
P,3626cpr1327,3626c
P,970c00pr0611,970c00
P,11198pr0005,11198
P,970c00pr0610,970c00
P,3626cpr1330,3626c
P,3626cpr1329,3626c
P,970c00pr0618,970c00
P,11344pr0013,11344
P,2528pr0005,2528
P,970c00pr0619,970c00
P,3626cpr1338,3626c
P,3626cpr1336,3626c
A,11344pr0014,11344pr0004
P,3626cpr1334,3626c
P,3622pr0002,3622
P,31000pr0011,31000
P,64452pr0001,64452
P,64452pr0002,64452
P,3626cpr1354,3626c
P,31000pr0012,31000
P,4198pr9977,4198
P,970c00pr0616,970c00
P,31005pr0007,31005
P,15428pr0001,15428
P,31000pr0013,31000
P,970c00pr0725,970c00
P,90639pr0017,90639
P,90639pr0024,90639
P,90639pr0030,90639
P,90639pr0028,90639
P,90639pr0027,90639
P,90639pr0029,90639
P,90639pr0034,90639
P,90639pr0033,90639
P,90639pr0031,90639
P,90639pr0032,90639
P,90640pr0007,90640
P,90640pr0023,90640
P,90640pr0022,90640
P,90640pr0024,90640
P,90640pr0025,90640
P,90638pr0010,90638
P,3626cpr9882,3626c
P,31000pr0014,31000
P,2446pr0012,2446
P,3070bpr0147,3070b
P,3678bpr0025,3678b
P,31000pr0015,31000
P,31000pr0016,31000
A,2071pr0002,2071pr0001
P,87994pr0001,87994
P,31000pr0017,31000
P,33009pr0001,33009
M,4287b,4287a
B,50820,50821c01
P,4865apr0006,4865a
P,4865apr0008,4865a
P,31000pr0018,31000
M,4865b,4865
M,4865a,4865
P,3626cpr1437,3626c
P,973c03h03pr2801,973c03h03
P,4198pr9994,4198
B,3742,3742c01
B,96904,97053
B,96905,97053
B,96906,97053
B,96907,97053
B,99563,97053
P,98138pr0013,98138
A,3149dc01,3149bc01
M,15207,43337
A,fabfig0001c07pr0001,fabfig0001c05pr0001
P,15068pr0001,15068
M,3626bpr0898,3626bpr0898
P,30602pr0004,30602
P,45677pr0001,45677
M,13731,85970
P,973c03h03pr2768,973c03h03
P,970c00pr0503,970c00
P,973c03h03pr3018,973c03h03
P,3960pr0015,3960
R,42022pr0009,42022pr0007
P,42022pr0012,42022
P,42022pr0011,42022
P,42022pr0010,42022
R,42022pr0006,42022pr0005
P,98100pr1000,98100
P,98107pr0006,98107
P,3039pr9971,3039
A,60797c01,76041c01
A,60797c02,76041c02
R,32191,32190
R,32189,32188
R,45786,45784
R,47713,47712
R,32528,32527
P,clikupn0065apr0027,clikupn0065a
M,96907,57503
P,26140pr0001,26140
P,clikupn0065apr0019,clikupn0065a
P,970c00pr9911,970c00
P,98606pr0002,98606
P,3626cpr0016,3626c
A,99773,2905
A,4081a,4081b
A,3839a,3839b
M,10201,2436
M,3709c,3709a
P,1022Apr0206,1022A
P,3678bpr0038,3678b
P,3626bpr0582,3626b
A,fabfig0002c04pr0001,fabfig0002c08pr0001
M,3001b,3001
M,3001c,3001
A,2551,21301
M,3003a,3003
P,973c03h27pr3853,973c03h27
P,3008apr0006,3008a
P,3008apr0007,3008a
P,3008apr0008,3008a
M,700ex,700
M,700ed2,700
P,3008apr0009,3008a
P,1022Apr0212,1022A
M,95120,44822
P,3068bpr9829,3068b
R,upn0017pr0002,upn0336
R,49654pr0001,49653pr0001
B,32496,32495c01
A,6542b,6542a
P,98100pr0004,98100
P,30372pr0001,30372
P,87610pr0001,87610
P,87610pr0002,87610
P,87610pr0003,87610
P,3626cpr1232,3626c
P,3626cpr1044,3626c
P,3626cpr0759,3626c
P,87610pr0004,87610
P,87610pr0006,87610
P,87610pr0007,87610
P,3626cpr1269,3626c
P,3626cpr1270,3626c
P,3626cpr1268,3626c
P,1022Apr0220,1022A
P,98138pr0140,98138
P,92761pr0001,92761
P,92761pr0002,92761
P,970c00pr0557,970c00
P,973c03h03pr4162,973c03h03
M,86652,32020
P,98138pr0008,98138
P,15068pr0004,15068
P,973c03h03pr4322,973c03h03
P,973c03h27pr9816,973c03h27
P,3005pr0011,3005
P,3626cpr1266,3626c
P,3626cpr1267,3626c
P,3626cpr1247,3626c
P,3626cpr1228,3626c
P,970c00pr0556,970c00
P,35787pr0002,35787
P,973c03h12pr4895,973c03h12
P,3437pr9995,3437
P,30367cpr0023,30367c
A,3062b,3062a
P,3626bpr0606,3626b
P,3626cpr1201,3626c
P,3626cpr1192,3626c
P,3626cpr1199,3626c
P,3626cpr1200,3626c
P,3626bpr0683,3626b
P,3626bpr0681,3626b
R,2866,75541
R,2866,75542
P,11344pr0014,11344
P,973c01h01pr3221,973c01h01
P,973c22h01pr0240,973c22h01
A,973c22h01pr0240,973c22h01pr9665
P,3626cpr1446,3626c
P,973c22h01pr4640,973c22h01
P,973c22h01pr4054,973c22h01
P,973c22h01pr4655,973c22h01
P,973c22h01pr5125,973c22h01
P,973c22h01pr3491,973c22h01
P,30367cpr1005,30367c
P,3626cpr0752,3626c
P,30367cpr0011,30367c
P,30367cpr0006,30367c
P,30367cpr0013,30367c
P,30367cpr1001,30367c
P,30367cpr1004,30367c
P,30367cpr0003,30367c
P,973c22h01pr4786,973c22h01
P,30367cpr0007,30367c
P,30367cpr0010,30367c
P,30367cpr0024,30367c
P,973c22h01pr4651,973c22h01
P,30367bpr0007,30367b
P,30367bpr0003,30367b
P,30367bpr0005,30367b
P,30367bpr0012,30367b
P,30367bpr0004,30367b
P,30367bpr0008,30367b
B,973p6x,973c28h03pr0132
P,3626cpr2522,3626c
P,30367apr0001,30367a
P,30367cpr1003,30367c
P,30367cpr1002,30367c
P,30367cpr0014,30367c
P,30367cpr0022,30367c
P,30367cpr0015,30367c
P,30367bpr0001,30367b
P,30367cpr0001,30367c
P,30367cpr0012,30367c
P,30367cpr0020,30367c
P,30367cpr0017,30367c
P,30367cpr0018,30367c
B,973ph5,973c28h01pr0152
B,2429,73983
B,2430,73983
B,973ph6,973c12h02pr0314
B,973ph7,973c28h02pr0313
P,3626cpr1262,3626c
P,3070bpr0078,3070b
P,3070bpr0079,3070b
P,3070bpr0082,3070b
P,3070bpr0083,3070b
P,3070bpr0088,3070b
P,3070bpr0098,3070b
B,973p90,973c01h01pr0090
P,3070bpr0099,3070b
T,85959pat0004,85959
T,85959pat0005,85959
T,85959pat0006,85959
T,85959pat0002,85959
P,973c27h01pr2935,973c27h01
P,3626cpr1263,3626c
P,973c27h01pr2924,973c27h01
P,3626bpr0895,3626b
P,3069bpr0025,3069b
B,973p90,973c01h01pr4684
T,85959pat0003,85959
P,3070bpr0026,3070b
P,3678bpr0045,3678b
P,3678bpr0018,3678b
P,3069bpr0099,3069b
B,973p90,973c03h03pr0090
P,3626cpr1265,3626c
P,3626cpr0988,3626c
P,3626cpr1219,3626c
P,3626cpr1218,3626c
P,3626cpr1260,3626c
P,970c00pr0543,970c00
P,970c00pr0542,970c00
P,3626cpr1309,3626c
A,973c27h01pr3084,973c27h01pr3083
P,973c27h01pr0009,973c27h01
P,973c27h01pr0067,973c27h01
P,973c27h01pr0190,973c27h01
P,973c27h01pr0180,973c27h01
P,973c27h01pr0171,973c27h01
R,16873pr0001,16875pr0002
M,66906,6628
P,973c27h01pr0284,973c27h01
P,973c27h01pr0283,973c27h01
B,97920,64228c01
B,97920,64228
B,87513,64228
B,87513,64228c01
P,973c03h03pr9712,973c03h03
P,90370pr0001,90370
P,90370pr0002,90370
T,973c03h12,973c00
P,973c03h12pr0178,973c03h12
P,973c03h12pr0180,973c03h12
P,973c03h12pr0181,973c03h12
P,973c03h12pr1186,973c03h12
P,3626cpr1215,3626c
P,3626cpr1767,3626c
T,40925pat0010,40925
P,970c00pr0539,970c00
P,973c03h12pr1626,973c03h12
P,3626cpr0902,3626c
T,40925pat0011,40925
M,67737,2479
P,973c03h12pr1667,973c03h12
P,3626cpr1221,3626c
M,3942a,3942
M,3942b,3942
M,3942c,3942
A,88432,33057
T,93568pat0001,93568
T,93568pat0002,93568
M,60849,58367
M,32373,4497
A,4491b,4491a
R,95344,12884
R,95344,95343
M,64567,23306
M,88431,3837
A,99774,6120
P,28621pr3343,28621
P,970c00pr0506,970c00
P,3626cpr1197,3626c
P,3626cpr1198,3626c
P,3068bpr9828,3068b
P,970c00pr0548,970c00
P,3626cpr1193,3626c
P,970c00pr0550,970c00
P,3626cpr1259,3626c
P,3626cpr1261,3626c
P,11408c01pr0119,11408c01
P,3626bpr0604,3626b
P,3068bpr9818,3068b
P,973c03h12pr1670,973c03h12
B,54101,62791c01
P,3626bpr0648,3626b
P,973c03h12pr1713,973c03h12
R,75542,75541
M,clikupn0076b,clikupn0076a
P,973c03h12pr1693,973c03h12
P,973c03h12pr2188,973c03h12
P,973c03h12pr2236,973c03h12
P,973c03h12pr2264,973c03h12
P,50231pr0011,50231
P,50231pr0010,50231
P,16497pr0001,16497
P,973c03h12pr2305,973c03h12
P,973c03h12pr2375,973c03h12
P,973c03h12pr2377,973c03h12
P,973c03h12pr2378,973c03h12
P,973c03h12pr2480,973c03h12
P,973c03h12pr4717,973c03h12
P,973c03h12pr9715,973c03h12
B,2913,2913c02
P,973c03h12pr1538,973c03h12
P,973c03h12pr1574,973c03h12
P,973c03h12pr4855,973c03h12
P,973c03h12pr1940,973c03h12
P,973c03h12pr2708,973c03h12
P,973c03h12pr2706,973c03h12
P,973c03h12pr2652,973c03h12
P,973c03h12pr2544,973c03h12
P,973c03h12pr2515,973c03h12
P,973c03h12pr2407,973c03h12
T,973c03h02,973c00
P,973c03h02pr1133,973c03h02
P,973c03h02pr1413,973c03h02
P,973c03h02pr1406,973c03h02
P,973c03h02pr1392,973c03h02
P,973c03h02pr1416,973c03h02
P,973c03h02pr1463,973c03h02
P,973c03h02pr1561,973c03h02
P,973c03h02pr1682,973c03h02
P,973c03h02pr1842,973c03h02
P,973c03h02pr1849,973c03h02
P,973c03h02pr1861,973c03h02
P,973c03h02pr2365,973c03h02
P,973c03h02pr3922,973c03h02
P,973c03h02pr3923,973c03h02
P,973c03h02pr4016,973c03h02
P,973c03h02pr4375,973c03h02
P,973c03h02pr4376,973c03h02
P,973c03h02pr4377,973c03h02
M,14395,2339
A,76768,2339
P,973c03h02pr4416,973c03h02
P,973c03h02pr4459,973c03h02
P,973c03h02pr4910,973c03h02
P,973c03h02pr9664,973c03h02
P,973c03h02pr9655,973c03h02
P,63864pr0005,63864
P,973c03h02pr9801,973c03h02
P,973c03h02pr0332,973c03h02
P,973c03h02pr4395,973c03h02
P,973c03h02pr2957,973c03h02
P,973c03h02pr9649,973c03h02
P,973c03h02pr4735,973c03h02
P,31213pr9997,31213
T,973c10h12,973c00
P,973c10h12pr1528,973c10h12
P,973c10h12pr2269,973c10h12
P,973c10h12pr1553,973c10h12
P,973c03h02pr4667,973c03h02
P,973c03h02pr4474,973c03h02
P,973c03h02pr4396,973c03h02
P,973c03h02pr4191,973c03h02
P,973c03h02pr3672,973c03h02
P,973c03h02pr3302,973c03h02
P,973c03h02pr3184,973c03h02
P,973c03h02pr2442,973c03h02
P,973c03h02pr2346,973c03h02
P,973c03h02pr2340,973c03h02
T,973c03h10,973c00
P,973c22h01pr4107,973c22h01
P,973c03h12pr0177,973c03h12
P,973c03h12pr1400,973c03h12
P,973c03h02pr0330,973c03h02
P,973c03h02pr1275,973c03h02
P,973c03h02pr1367,973c03h02
P,973c10h12pr2057,973c10h12
P,973c03h02pr1408,973c03h02
P,973c03h02pr1461,973c03h02
P,973c03h02pr1583,973c03h02
P,973c03h02pr1685,973c03h02
P,21561pr0018,21561
P,973c01h01pr1652,973c01h01
R,57895pr0003,57895pr0002
P,93090pr0001,93090
P,93090pr0003,93090
P,93090pr0004,93090
R,55981,30391
R,55982,30391
R,55981,58090
R,55982,58090
R,55981,30648
R,55982,30648
R,55981,89201
R,55982,89201
R,55981,92402
R,55982,92402
R,55981,71965
R,55982,71965
R,55981,43903
R,55982,43903
R,55981,56891
R,55982,56891
R,56424,32298
B,973p90,973c14h12pr3834
B,973p90,973c27h27pr0090
P,973c03h02pr1788,973c03h02
P,973c03h02pr2073,973c03h02
P,973c28h27pr3601,973c28h27
P,973c28h27pr3101,973c28h27
P,973c28h27pr4529,973c28h27
P,973c28h27pr4483,973c28h27
R,56424,32298pr0001
R,56424,32296
R,56424,32296pr0001
R,56424,32296pr0002
R,86652,32019
R,32020,32019
R,44772,44771
R,44772,2997
R,44772,56907
R,44772,92912
R,44772,54120
R,15038,44771
R,15038,2997
R,15038,56907
R,15038,92912
R,15038,54120
R,15038pr0001,44771
R,15038pr0001,2997
R,15038pr0001,56907
R,15038pr0001,92912
R,15038pr0001,54120
M,56908,41896
R,56908,41893
R,56908,41897
R,56908,45982
R,56908,61480
R,56908,18450
R,41896,41893
R,41896,41897
R,41896,45982
R,41896,61480
R,41896,18450
P,973c28h27pr0043,973c28h27
P,973c28h27pr0042,973c28h27
P,973c28h27pr3315,973c28h27
P,973c28h27pr0041,973c28h27
P,973c28h28pr4567,973c28h28
P,973c28h28pr4907,973c28h28
P,973c28h28pr4343,973c28h28
P,973c28h28pr4418,973c28h28
P,973c28h28pr2715,973c28h28
P,973c28h28pr1905,973c28h28
P,973c28h28pr1594,973c28h28
P,973c28h28pr2650,973c28h28
P,973c27h01pr0239,973c27h01
A,973c28h02pr4935,973c28h02pr3603
A,973c28h02pr4935,973c28h02pr1957
A,973c28h02pr4935,973c05h02pr2374
A,973c28h02pr4935,973c05h02pr3278
A,973c28h01pr9829,973c28h01pr0034
P,31000pr0019,31000
P,31000pr0020,31000
P,973c28h01pr9829,973c28h01
P,973c28h01pr0034,973c28h01
P,973c28h01pr0279,973c28h01
P,973c28h03pr4197,973c28h03
P,973c28h03pr4039,973c28h03
P,clikupn0065apr0017,clikupn0065a
P,973c28h03pr9897,973c28h03
P,973c28h03pr4743,973c28h03
P,973c28h03pr4516,973c28h03
P,973c28h03pr0047,973c28h03
P,973c28h03pr0116,973c28h03
P,973c28h03pr0140,973c28h03
P,973c28h03pr1717,973c28h03
P,973c28h03pr1749,973c28h03
P,973c28h03pr2855,973c28h03
P,973c28h03pr2474,973c28h03
P,973c28h03pr1476,973c28h03
P,973c28h03pr2918,973c28h03
P,973c28h03pr2448,973c28h03
P,973c28h03pr2919,973c28h03
P,973c28h03pr1660,973c28h03
P,973c28h03pr0083,973c28h03
P,973c28h03pr4330,973c28h03
P,973c28h03pr9978,973c28h03
P,973c28h03pr0230,973c28h03
P,973c28h03pr0008,973c28h03
P,973c28h03pr2191,973c28h03
P,973c36h01pr5095,973c36h01
P,973c22h12pr4939,973c22h12
P,3070bpr9992,3070b
B,3070bpr9992,73002
P,3070bpr9991,3070b
P,973c03h02pr0300,973c03h02
B,3070bpr9991,73002
P,973c03h02pr1672,973c03h02
P,973c03h10pr1688,973c03h10
P,3070bpr9990,3070b
R,flex08c05l,6642
T,973c03h01,973c00
P,973c03h01pr2409,973c03h01
P,973c03h01pr0652,973c03h01
P,973c03h01pr0297,973c03h01
P,973c03h01pr9797,973c03h01
P,3070bpr9989,3070b
P,973c03h01pr0050,973c03h01
P,973c03h01pr0052,973c03h01
B,3070bpr9989,73002
P,3070bpr9988,3070b
P,973c03h01pr1833,973c03h01
P,973c03h01pr1831,973c03h01
P,973c10h12pr5076,973c10h12
B,3070bpr9988,73002
P,973c03h01pr1796,973c03h01
P,973c03h01pr1625,973c03h01
P,973c03h01pr1607,973c03h01
P,973c03h01pr1589,973c03h01
P,973c03h01pr1587,973c03h01
P,973c10h12pr2268,973c10h12
P,973c03h01pr1377,973c03h01
P,973c03h01pr1238,973c03h01
P,973c03h01pr1189,973c03h01
P,973c03h01pr1188,973c03h01
P,973c03h01pr1187,973c03h01
P,973c03h01pr1184,973c03h01
P,973c27h27pr9999,973c27h27
P,3070bpr9987,3070b
P,30350bpr0011,30350b
P,973c03h01pr0440,973c03h01
P,973c03h01pr0001,973c03h01
P,973c03h01pr1516,973c03h01
P,973c03h01pr1120,973c03h01
P,973c03h01pr1080,973c03h01
P,3070bpr9986,3070b
B,3070bpr9986,73002
P,973c03h01pr0258,973c03h01
P,3070bpr9985,3070b
P,970c00pr0688,970c00
P,22385pr9997,22385
P,973c03h01pr0268,973c03h01
P,973c03h01pr0273,973c03h01
P,973c03h01pr0233,973c03h01
P,973c03h01pr0164,973c03h01
B,3070bpr9985,73002
P,3070bpr9984,3070b
B,3070bpr9984,73002
P,3626cpr1996,3626c
P,3070bpr9983,3070b
P,22385pr9994,22385
P,3068bpr9824,3068b
P,22385pr9993,22385
P,1022Apr0207,1022A
P,1021Apr0086,1021A
P,1021Apr0091,1021A
P,1041Apr0003,1041A
P,1041Apr0004,1041A
P,1041Apr0006,1041A
P,1041Apr0009,1041A
P,1041Apr0010,1041A
P,1041Apr0011,1041A
P,1041Apr0012,1041A
A,3149dc01,3149cc01
P,1041Apr0014,1041A
P,1043Apr0022,1043A
P,1043Apr0027,1043A
P,3626cpr9739,3626c
M,69234,30274
R,18904,18906
P,3626cpr9738,3626c
R,18904,18905pr0001
P,970x026pr0005,970x026
R,18904,18905pr0002
P,85974pr0007,85974
R,11435pr0002,11778pr0001
P,3626cpr9737,3626c
R,11435pr0002,11777pr0001
P,3626cpr3570,3626c
P,3626cpr3571,3626c
P,3626cpr3572,3626c
P,14718pr0011,14718
P,36036pr0035,36036
P,36036pr0036,36036
P,66857pr0012,66857
P,90498pr0010,90498
P,90498pr0011,90498
P,3062bpr0013,3062b
P,47759pr0005,47759
P,973c27h01pr0242,973c27h01
P,973c27h01pr0240,973c27h01
P,973c27h01pr0213,973c27h01
P,63864pr0003,63864
P,973c27h01pr0214,973c27h01
P,14769pr1167,14769
P,973c27h01pr0215,973c27h01
P,973c27h01pr0216,973c27h01
P,973c27h01pr0217,973c27h01
P,973c27h01pr0174,973c27h01
P,973c27h01pr0176,973c27h01
P,973c27h01pr0172,973c27h01
P,973c27h01pr0170,973c27h01
P,973c27h01pr0203,973c27h01
P,973c27h01pr0202,973c27h01
P,973c27h01pr0201,973c27h01
P,973c27h01pr0238,973c27h01
P,2654pr0004,2654
P,973c27h01pr0025,973c27h01
P,973c27h01pr0026,973c27h01
P,2723pr0004,2723
P,973c27h01pr0101,973c27h01
P,973c27h01pr0017,973c27h01
P,973c27h01pr0008,973c27h01
P,973c27h01pr0005,973c27h01
P,973c27h01pr0038,973c27h01
P,973c27h01pr0006,973c27h01
P,973c27h01pr0010,973c27h01
P,973c01h01pr0013,973c01h01
P,973c03h02pr1678,973c03h02
P,973c01h01pr2151,973c01h01
R,flex08c05l,6644
B,3070bpr9990,73002
P,973c01h01pr3812,973c01h01
R,6644,6642
P,31111pr9978,31111
B,3070bpr9987,73002
P,973c22h03pr5089,973c22h03
R,88517,11957
R,88517,88516
R,56145,55978
R,56145,44308
R,56145,44309
R,56145,61481
R,56145,15413
R,56145,55976
R,56145,53992
R,54087,55978
R,54087,44308
R,54087,44309
R,54087,61481
R,54087,15413
R,54087,55976
R,54087,53992
R,44292,55978
R,44292,44308
R,44292,44309
R,44292,61481
R,44292,15413
R,44292,55976
R,44292,53992
P,973c03h01pr0079,973c03h01
B,3070bpr9983,73002
P,3626cpr1134,3626c
B,4254,76138
B,4254,731c02
B,109,2909c01
B,2909,2909c01
B,4254,731c03
B,109,2909c02
B,109,2909c03
B,109,95292c01
B,2909,2909c02
B,2909,2909c03
B,2909,95292c01
B,731c03,76537
P,clikupn0065apr0018,clikupn0065a
B,731c02,73129
R,32197,32196
B,4254,731
P,clikupn0065apr0030,clikupn0065a
R,30155,3634
R,30155,2346
R,30155,56897
R,2998,44771
R,2998,2997
R,2998,92912
R,2998,54120
R,2998,56907
R,6595,6594
R,6595,32180
M,6595,22253
P,3626cpr1447,3626c
R,22253,6594
R,22253,32180
R,56902,3483
R,13971,3483
R,30155,61254
R,30155,132a
B,3070bpr9978,73002
M,13770,6936
R,99010,99009
R,92909,11949
R,92909,11950
R,92909,92908
R,32494,92906
R,92911,92910
R,2903,6596
R,2903,2902
R,2994,6578
M,6578,58090
R,51377,30648
R,51377,89201
R,51377,30391
R,51377,92402
R,51377,58090
R,51377,56891
R,51377,43903
R,51377,71965
R,30285,30648
R,30285,89201
R,30285,30391
R,30285,92402
R,30285,58090
R,30285,56891
R,30285,43903
R,30285,71965
R,30155,3483
R,30155,498
B,973p90,973c22h22pr0090
T,98220pat0007,98220
R,30155,132b
R,30155,132c
A,973d14pr3087,973d14pr5441
A,973d14pr4029,973d14pr5441
P,6309pr0096,6309
A,4555c05pr0008,4555c05pr0007
P,973c03h02pr1679,973c03h02
P,973c03h01pr0091,973c03h01
P,973c01h01pr2201,973c01h01
P,973c03h01pr0099,973c03h01
P,973c03h01pr0049,973c03h01
P,973c03h01pr0027,973c03h01
P,973c03h01pr0040,973c03h01
P,31213pr9996,31213
P,973c03h01pr0041,973c03h01
P,30367cpr1010,30367c
P,64225pr0002,64225
P,973c01h01pr3951,973c01h01
P,3070bpr9982,3070b
P,973c03h01pr0028,973c03h01
P,973c03h01pr0026,973c03h01
P,973c03h01pr0002,973c03h01
P,973c03h01pr2031,973c03h01
P,973c03h01pr2115,973c03h01
P,3068bpr9827,3068b
P,973c03h01pr2189,973c03h01
P,973c03h01pr2194,973c03h01
P,973c03h01pr2230,973c03h01
P,973c03h01pr2417,973c03h01
P,973c03h01pr2896,973c03h01
P,973c03h01pr2411,973c03h01
P,973c03h01pr2335,973c03h01
P,973c03h01pr2753,973c03h01
P,973c03h01pr2756,973c03h01
P,973c03h01pr2776,973c03h01
P,973c03h01pr3207,973c03h01
P,973c03h01pr3543,973c03h01
P,973c03h01pr3653,973c03h01
P,973c03h01pr3966,973c03h01
P,973c03h01pr4372,973c03h01
P,973c03h01pr4813,973c03h01
P,973c03h01pr0043,973c03h01
B,3070bpr9982,73002
P,973c03h01pr1939,973c03h01
P,3070bpr9981,3070b
P,3068bpr0487,3068b
P,19729pr0035,19729
P,3070bpr0243,3070b
P,3070bpr0244,3070b
P,19729pr0036,19729
P,3070bpr9980,3070b
P,3068bpr9825,3068b
P,3070bpr0246,3070b
P,973c22h01pr5256,973c22h01
P,3070bpr9979,3070b
B,3070bpr9979,73002
P,973c27h01pr5255,973c27h01
P,3070bpr9977,3070b
P,3068bpr9823,3068b
B,3070bpr9977,73002
P,2654pr0003,2654
P,11435pr0001,11435
P,11435pr0002,11435
B,3324,3324ac01
B,314,3324ac01
B,314,3149ac01
B,3149,3149ac01
P,11211pr0001,11211
P,44375bpr0011,44375b
P,3068bpr9822,3068b
P,98163pr0008,98163
P,3068bpr9821,3068b
P,4162pr0073,4162
P,3069bpr0236,3069b
P,30350bpr0003,30350b
P,30350bpr0006,30350b
A,14769pr1172,14769pr0001
P,3068bpr9820,3068b
P,16709pr0001,16709
P,970d09pr0667,970d00
R,27448,35443
R,27448,35446
P,30144pr0041,30144
P,30144pr0042,30144
R,66155,55978
B,73766a,73766
P,3068bpr0256,3068b
B,73766b,73766
B,73766c,73766
B,73766d,73766
P,970c00pr9843,970c00
P,973c11h01pr0001,973c11h01
P,3846pr0040,3846
P,87079pr0055,87079
P,49311pr0008,49311
P,10509pr0007,10509
M,3626cpr9881,3626bpr0314
P,53118pr0001,53118
P,973c21h21pr5479,973c21h21
P,3626cpr3380,3626c
P,970c00pr9881,970c00
P,3069bpr9983,3069b
P,3626cpr9789,3626c
P,4162pr9990,4162
P,28621pr0003,28621
P,43693pr0006,43693
P,970c00pr0718,970c00
P,970c00pr0583,970c00
P,970c00pr0705,970c00
P,973c27h01pr0169,973c27h01
P,973c27h01pr0040,973c27h01
P,973c27h01pr0113,973c27h01
P,973c27h01pr0023,973c27h01
P,973c27h01pr0072,973c27h01
P,973c27h01pr0013,973c27h01
P,973c27h01pr5300,973c27h01
P,970c00pr9842,970c00
P,970c00pr9841,970c00
P,970c00pr9840,970c00
P,3626cpr9803,3626c
P,970c00pr9839,970c00
P,973c24h03pr0001,973c24h03
P,28621pr0004,28621
P,970c00pr9838,970c00
P,973c03h01pr4148,973c03h01
P,44375bpr0008,44375b
P,3004pr0014,3004
P,3003pr0035,3003
P,3068bpr0236,3068b
P,3004pr0036,3004
P,3004pr0013,3004
B,973p90,973c27h27pr4682
P,19729pr0001,19729
P,19729pr0002,19729
P,19729pr0003,19729
P,19729pr0004,19729
P,19729pr0005,19729
P,19729pr0006,19729
P,93595pr0001,93595
P,93595pr0003,93595
P,93595pr0002,93595
R,93595,51011
R,93595pr0001,51011
R,93595pr0003,51011
R,93595,50951
R,93595pr0001,50951
R,93595pr0002,50951
R,93595pr0002,51011
R,93595pr0003,50951
R,74967,30028
R,30027a,30028
R,30027b,30028
P,50944pr0001,50944
R,50944pr0001,51011
R,50944pr0001,50951
R,50944,50951
R,50944,51011
R,93593,51011
R,93593,50951
R,93594,50951
R,93594,51011
R,93595,92409
R,93595pr0001,92409
R,93595pr0003,92409
R,93595pr0002,92409
R,50944pr0001,92409
R,50944,92409
R,93593,92409
R,56902,132a
P,74967pr0001,74967
M,56897,2346
R,13971,2346
R,13971,56897
R,56902,56897
R,56902,2346
R,13971,498
R,56902,498
R,13971,3634
R,56902,3634
R,569,3634b
R,3482,3634
R,3482,2346
R,3482,56897
R,3482,3483
R,3482,498
R,3464,3139
R,3464,59895
R,4624,3139
R,4624,59895
R,4624,4084
R,4624,3641
R,13971,132a
R,4624,87414
M,87414,3641
R,3137c01,3139
R,3137c01,59895
R,3137c01,4084
R,3137c01,3641
R,3137c01,87414
R,122c01,3139
R,122c01,59895
R,122c01,4084
R,122c01,3641
R,122c01,87414
R,122c02,3139
R,122c02,59895
R,122c02,4084
R,122c02,3641
R,122c02,87414
R,4265a,3139
R,4265b,3139
R,32123b,3139
R,32123a,3139
R,4265a,59895
R,4265a,4084
R,4265a,3641
R,4265a,87414
R,4265b,59895
R,32123b,59895
R,32123a,59895
R,4265b,4084
R,32123b,4084
R,32123a,4084
R,4265b,3641
R,32123b,3641
R,32123a,3641
R,4265b,87414
R,32123b,87414
R,32123a,87414
R,6582,6581
R,4266,2857
R,4266,4267
R,3739,3740
R,32057,32076
R,32077,32078
R,2695,2696
R,56904,56898
R,6580,6579
R,6580a,6579
R,2996,2995
R,32004a,32003
M,32004b,32004a
R,32004b,32003
R,6014,6015
R,6014a,6015
R,6014b,6015
R,30190,6015
R,6014,87697
R,6014a,87697
R,6014b,87697
R,30190,87697
R,6014,60700
R,6014a,60700
R,6014b,60700
R,30190,60700
R,6014,56890
R,6014a,56890
R,6014b,56890
R,30190,56890
R,50862,50861
R,32007,71372
B,4720,92851
B,2807,92851
R,4720,2807
R,3482,132a
R,56902,132b
R,13971,132b
R,3482,132b
R,56902,132c
R,13971,132c
R,3482,132c
A,55982,55981
P,18051pr0001,18051
B,973p90,973c34h34pr9645
B,973p90,973c36h36pr4683
P,6239pr0006,6239
P,3960pr0011,3960
A,30389b,30389a
M,30389c,30389b
P,30350bpr0004,30350b
P,14769pr1172,14769
R,41750,41749
A,94531,41881
M,72475,4872
P,43702pr0002,43702
A,upn0266c02,upn0266c01
P,24179pr0002,24179
P,92747pr0007,92747
A,30359b,30359a
P,30350bpr0005,30350b
P,973b01pr0177,973b01
P,973b01pr0159,973b01
P,973b01pr0155,973b01
P,973b01pr0156,973b01
P,973b01pr0157,973b01
P,973b01pr0158,973b01
P,973b01pr0178,973b01
P,973b01pr0179,973b01
P,973b01pr0180,973b01
P,973b01pr0188,973b01
P,973b01pr0189,973b01
P,973b01pr0225,973b01
A,58181,3939
R,30363pr0011,30363pr0010
M,10113,55704
R,upn0017pr0001,upn0017pr0002
P,3626bpr0896,3626b
P,3622pr0001,3622
P,3622pr0003,3622
P,47753pr0011,47753
P,3066pr0001,3066
R,3679,3680
R,3679,251
P,85863pr0042,85863
P,85863pr0056,85863
P,85863pr0100,85863
P,85863pr0112,85863
P,3005pr9920,3005
P,3626cpr1529,3626c
P,3005pr9919,3005
P,3005pr9921,3005
P,3005pr9918,3005
P,3005pr9922,3005
P,1022Apr0211,1022A
P,3005pr0006,3005
P,3005pr0003,3005
P,3004pr0002,3004
P,3004pr0001,3004
P,3004pr0003,3004
P,3004pr9967,3004
B,98138pr0173,67217
P,17485pr0001,17485
R,4345b,4346
R,4345a,4346
R,92410,4533
R,4532,4533
R,92410,4536
R,4532,4536
R,30179,60623
M,60596,30179
R,60596,60623
R,60599,60623
R,60594,62113
R,60594,60614
R,60594,60603
R,60594,60607
R,60594,60608
R,92926,4740
R,2439,4740
R,60593,60602
R,30179,60621
R,30179,92589
R,30179,60797c01
R,30179,60797c02
R,30179,76041c01
R,30179,76041c02
R,30179,76041c03
R,30179,76041c04
R,30179,57895
R,60599,92589
R,60596,92589
R,60596,60621
R,60599,60621
R,60596,60797c01
R,60599,60797c01
R,60599,60797c02
R,60596,60797c02
R,60596,76041c01
R,60596,76041c02
R,60596,76041c03
R,60596,76041c04
R,60599,76041c01
R,60599,76041c02
R,60599,76041c03
R,60599,76041c04
R,60596,57895
M,60614,6546
R,15627,62113
R,15627pr0006,62113
R,15627pr0005,62113
R,15627pr0007,62113
R,15627pr0002,62113
R,15627pr0003,62113
R,15627pr0001,62113
R,15627,60614
R,15627pr0006,60614
R,15627pr0005,60614
R,15627pr0007,60614
R,15627pr0002,60614
R,15627pr0003,60614
R,15627pr0001,60614
P,15626pr0001,15626
R,14306,14310
P,15626pr0002,15626
P,15626pr0003,15626
R,30044,30046
R,30044,30045
R,30044,94161
B,4629,4629c01
R,4629,4628
R,4629,4627
B,4628,4629c01
B,4627,4629c01
R,4628,4627
A,13562,30132
P,3626cpr1149,3626c
R,2496,2495
R,2496,42511
R,2496,42511pr0002
P,30350bpr0007,30350b
R,2496,42511pr0003
R,2496,42511pr0001
M,13608,87993
A,75535,62462
P,98835pr0006,98835
P,93591pr0020,93591
R,30179,60616
R,30179,60616a
R,30179,60616b
R,60596,60616
R,60596,60616a
R,60596,60616b
R,60599,60616
R,60599,60616a
R,60599,60616b
R,6154,6155
R,60806,60603
R,60806,60607
R,60806,60608
R,60806,60603pr0001
M,60598,4132
R,60598,60603
R,60598,60603pr0001
R,60598,60607
R,60598,60608
P,98379pr0002,98379
R,4447,4448
R,4033,6016
R,4033,4034
R,4033,3855
R,4033,3855a
R,6556,6546
R,6556,6016
R,6556,4034
R,6556,3855
R,6556,3855a
P,30370pr0010,30370
P,15627pr0004,15627
P,970c00pr9926,970c00
A,fabfig0020c01pr0001,fabfig0020c02pr0001
B,3070bpr9981,73002
B,3070bpr9980,73002
P,3070bpr9978,3070b
M,28621pr0003,3626cpr9871
P,973c01h01pr2829,973c01h01
P,973c01h01pr0080,973c01h01
P,970d12pr0661,970d00
P,87079pr0159,87079
R,24375,88323
P,2431pr0125,2431
P,3010pr0043,3010
P,3626cpr2615,3626c
P,3626cpr2616,3626c
P,3626cpr2624,3626c
P,970d16pr1146,970d00
A,fabfig0002c11pr0001,fabfig0002c08pr0001
P,970d23pr1420,970d00
A,fabfig0002c02pr0001,fabfig0002c08pr0001
P,98138pr0086,98138
P,2431pr0122,2431
P,3068bpr9826,3068b
M,2493b,2493a
P,973c22h01pr5090,973c22h01
P,3626cpr3175,3626c
B,98138pr0222,77485
P,14769pr1227,14769
P,cardupn0087pr0001,cardupn0087
P,970d26pr0674,970d00
P,cardupn0087pr0002,cardupn0087
P,970c00pr1915,970c00
P,970c00pr1789,970c00
P,18721pr0001,18721
P,973c22h03pr4877,973c22h03
T,66954pat0001,66954
T,66954pat0002,66954
P,26831pr0003,26831
P,cardupn0087pr0003,cardupn0087
P,2587pr0001,2587
P,3626cpr2630,3626c
P,3068bpr9819,3068b
P,cardupn0087pr0004,cardupn0087
P,cardupn0087pr0005,cardupn0087
P,3626cpr3459,3626c
P,cardupn0087pr0006,cardupn0087
P,cardupn0087pr0007,cardupn0087
P,973c22h01pr5096,973c22h01
P,973c22h01pr5066,973c22h01
P,973c22h01pr4897,973c22h01
P,973c27h01pr0060,973c27h01
P,3626cpr3460,3626c
P,973c22h03pr5002,973c22h03
P,3626cpr3461,3626c
P,cardupn0087pr0008,cardupn0087
P,cardupn0087pr0009,cardupn0087
P,970c00pr1792,970c00
P,cardupn0087pr0010,cardupn0087
P,970c00pr1931,970c00
P,973c27h01pr0022,973c27h01
P,973c27h01pr0021,973c27h01
P,973c27h01pr0014,973c27h01
T,66953pat0001,66953
P,970c00pr1917,970c00
P,973c27h01pr0015,973c27h01
P,973c27h01pr0019,973c27h01
P,973c27h01pr0191,973c27h01
P,98223pr0002,98223
P,6474pr0010,6474
P,4066pr0091,4066
P,cardupn0087pr0011,cardupn0087
P,1022Apr0208,1022A
P,98138pr0080,98138
P,3626cpr9899,3626c
P,1022Apr0209,1022A
P,4066pr0092,4066
P,22385pr9996,22385
P,28631pr0005,28631
P,3011pr1003,3011
P,22385pr9992,22385
P,11055pr0017,11055
P,31110pr0008,31110
P,40925pat0002pr0001,40925pat0002
P,40925pat0005pr0001,40925pat0005
B,98138pr0172,67217
P,98138pr0173,98138
R,51266,51239
P,6309pr0095,6309
B,98138pr0175,67217
P,3024pr0013,3024
P,45677pr0004,45677
P,31110pr0009,31110
P,2431pr0001,2431
A,6232,4730
P,87079pr0200,87079
P,973c01h01pr1742,973c01h01
P,973c22h01pr9788,973c22h01
P,973c27h01pr9687,973c27h01
P,65388pr0001,65388
P,87079pr0202,87079
P,65388pr0002,65388
P,3010pr0005,3010
P,18973pr0008,18973
P,2431pr9998,2431
P,2431pr0104,2431
P,28631pr0006,28631
P,87079pr0069,87079
P,1021Apr0089,1021A
P,1021Apr0092,1021A
P,clikupn0065apr0023,clikupn0065a
P,3011pr0019,3011
P,3037pr0008,3037
P,87079pr0219,87079
P,25973pr0003,25973
P,64225pr0006,64225
P,68881pr0001,68881
P,973c03h27pr4256,973c03h27
P,51547pr0001,51547
P,1021Apr0093,1021A
P,25973pr0002,25973
P,98138pr0121,98138
P,10312pr0002,10312
P,98223pr0025,98223
P,90498pr0005,90498
B,823a,823c01
P,1021Apr0096,1021A
P,1021Apr0097,1021A
P,1021Apr0098,1021A
P,31110pr0035,31110
P,12893pr0047,12893
T,51342pat0009,51342
P,1021Apr0099,1021A
P,31111pr9983,31111
P,1021Apr0100,1021A
B,upn0150LR,823c01
P,1021Apr0101,1021A
P,1021Apr0102,1021A
P,1021Apr0103,1021A
P,1021Apr0104,1021A
P,95674pr0004,95674
P,1021Apr0105,1021A
P,90498pr0006,90498
P,970c00pr1513,970c00
P,93604pr0006,93604
P,3626cpr2623,3626c
P,1021Apr0106,1021A
P,1021Apr0107,1021A
P,1021Apr0108,1021A
P,11818pr0110,11818
P,1021Apr0109,1021A
M,3626bpr0926,3626cpr0926
P,1021Apr0110,1021A
P,1021Apr0111,1021A
P,3626cpr1062,3626c
P,1021Apr0112,1021A
P,1021Apr0113,1021A
P,1021Apr0114,1021A
P,3004pr0149,3004
P,4861pr0001,4861
P,44375bpr0006,44375b
P,24599pr0002,24599
P,92081pr0002,92081
P,970c00pr9969,970c00
P,20596pr0002,20596
P,15626pr0008,15626
P,49311pr0007,49311
P,98100pr0005,98100
P,11203pr0003,11203
A,3010pr9969,3010pr9937
P,3626cpr2417,3626c
P,3626cpr2454,3626c
P,973c01h03pr9871,973c01h03
P,14769pr0023,14769
P,39039pr0001,39039
P,65191pr0002,65191
P,65191pr0001,65191
P,973c03h02pr4324,973c03h02
P,cardupn0087pr0012,cardupn0087
R,4323,787
P,22385pr9991,22385
P,22385pr9988,22385
R,170311,bin01
P,28621pr0005,28621
A,fabfig0002c06pr0001,fabfig0002c08pr0001
P,31193pr0005,31193
P,41970pr0007,41970
P,22385pr9986,22385
P,22385pr9985,22385
P,90398pr0033,90398
P,cardupn0087pr0013,cardupn0087
P,87079pr9992,87079
P,3245cpr9994,3245c
P,970c00pr9787,970c00
T,57539pat0003,57539
P,60581pr9999,60581
P,3626cpr2851,3626c
P,3001pr9998,3001
P,973c03h03pr0008,973c03h03
P,970c00pr9786,970c00
P,970c00pr1701,970c00
P,3626cpr9753,3626c
P,970c00pr9785,970c00
P,973c22h01pr0009,973c22h01
P,3626cpr9751,3626c
P,970c00pr9784,970c00
P,970c00pr9783,970c00
A,30558c01,30558c09
P,3626cpr9750,3626c
P,3001pr9997,3001
P,3001pr9994,3001
P,3001pr9993,3001
P,21560pr0017,21560
P,970c00pr1686,970c00
P,6179pr9998,6179
A,30558c02,30558c09
P,11477pr0004,11477
R,92710,92711
P,76371pr0128,76371
P,43693pr0003,43693
M,3189a,3189
M,3188,3188a
P,98138pr0103,98138
P,51547pr0002,51547
P,3626cpr9864,3626c
P,31110pr0023,31110
P,43693pr0004,43693
P,3626cpr9752,3626c
P,3626cpr9863,3626c
P,3003pr0136,3003
P,31110pr9983,31110
P,970c00pr1683,970c00
P,970c00pr9837,970c00
P,970c00pr1685,970c00
A,30558c03,30558c09
P,970c00pr1532,970c00
P,970c00pr1535,970c00
P,3626cpr2631,3626c
P,60581pr0008,60581
P,970c00pr1534,970c00
P,3626cpr2665,3626c
P,970c00pr9971,970c00
P,973c27h03pr0001,973c27h03
P,22385pr9990,22385
P,970c00pr9836,970c00
P,3626cpr0026,3626c
P,87079pr0139,87079
P,30367cpr0004,30367c
P,86500pr0006,86500
P,3626cpr9862,3626c
P,2431pr0005,2431
A,fabfig0002c05pr0001,fabfig0002c08pr0001
T,41163pat0004,41163
M,3626cpr0740,3626bpr0740
P,3626cpr0772,3626c
M,3626cpr1029,3626bpr1029
P,3010pr0022,3010
P,3011pr0017,3011
A,30558c04,30558c09
R,fabupn0011pr0003,upn0294
P,3245cpr9998,3245c
P,3626cpr0823,3626c
P,3626cpr0565,3626c
P,31110pr0116,31110
P,90398pr0043,90398
P,3626cpr9754,3626c
P,89974pr0004,89974
P,4198pr9993,4198
P,4162pr0075,4162
P,51547pr0003,51547
P,1022Apr0210,1022A
P,1022Apr0214,1022A
P,1022Apr0215,1022A
P,3626cpr2867,3626c
P,1022Apr0216,1022A
P,3001pr9996,3001
P,1022Apr0217,1022A
P,1022Apr0218,1022A
P,31110pr9994,31110
P,68881pr0002,68881
P,3069bpr0286,3069b
P,1022Apr0219,1022A
P,3626cpr2883,3626c
A,30558c05,30558c09
P,25973pr0022,25973
P,1022Apr0222,1022A
P,1022Apr0223,1022A
P,60601pr0008,60601
P,1022Apr0227,1022A
P,3626cpr2962,3626c
P,1022Apr0228,1022A
P,11344pr0005,11344
P,3626cpr2105,3626c
P,1022Apr0229,1022A
B,973p90,973c28h28pr1594
P,1022Apr0232,1022A
P,1011Apr0124,1011A
R,3188a,3189a
P,98560pr0001,98560
P,21560pr0007,21560
P,39039pr0002,39039
P,31000pr0021,31000
P,39040pr0002,39040
T,16606pat0002,16606
P,1021Apr0125,1021A
P,1021Apr0131,1021A
P,clikupn0065apr0020,clikupn0065a
P,970c00pr9781,970c00
T,45337c02,45337c01
R,upn0150LR,823a
T,63153pat0001,63153
P,75902pr0004,75902
P,970d19pr0659,970d00
R,upn0017pr0001,upn0336
P,88646pr0003,88646
P,98162pr0004,98162
P,31110pr0029,31110
P,98138pr0174,98138
R,70165,70132
R,upn0016pr0001,upn0331
R,upn0332,upn0331
R,98069,98068
B,98138pr0140,67222
T,32573pat0001,32573
P,87079pr9990,87079
P,10bpr0008,10b
P,973c21h21pr0001,973c21h21
P,44676pr0002,44676
P,973c27h01pr9681,973c27h01
P,973c01h01pr3876,973c01h01
P,973c01h01pr4840,973c01h01
P,78298pr0001,78298
P,35787pr0006,35787
P,3626cpr9745,3626c
P,973c27h01pr9678,973c27h01
P,3899pr0008,3899
P,970c00pr9780,970c00
P,973c11h02pr0001,973c11h02
P,3626cpr2131,3626c
P,973c01h01pr2587,973c01h01
P,970c00pr9973,970c00
R,2131,2132
P,93273pr0018,93273
P,90498pr0009,90498
P,22385pr9989,22385
P,15504pr0008,15504
R,759532,759528c03
P,22385pr9987,22385
P,37364pr0002,37364
P,90398pr0031,90398
P,973c27h01pr4244,973c27h01
P,3010pr0002,3010
P,3626cpr0569,3626c
P,93348pr0003,93348
P,3245cpr9999,3245c
P,973c19h19pr4218,973c19h19
A,3010pr9969,3010pr9936
A,fabfig0002c07pr0001,fabfig0002c08pr0001
P,3960pr9993,3960
P,3626cpr2558,3626c
P,37364pr0003,37364
P,973c01h01pr1756,973c01h01
P,973c01h01pr1439,973c01h01
P,973c01h01pr2826,973c01h01
P,973c21h21pr0002,973c21h21
P,3626cpr2579,3626c
P,3626cpr3267,3626c
P,970c00pr1518,970c00
P,3010pr0042,3010
P,4198pr9992,4198
P,2431pr0103,2431
P,3245cpr0143,3245c
P,3011pr1002,3011
P,18277pr0001,18277
P,51547pr0004,51547
P,3001pr9995,3001
A,30558c06,30558c09
P,31110pr9992,31110
R,3464,4480c01
R,23798,15038
P,31110pr9996,31110
P,6179pr9997,6179
P,18675pr0019,18675
P,11477pr0005,11477
P,22385pr2004,22385
P,98071pr0009,98071
P,30350bpr0016,30350b
B,29053a,29053c01
P,3626cpr3266,3626c
M,3188a,92263
T,24108c02,24108
P,970d20pr0817,970d00
P,98071pr0010,98071
P,3004pr0044,3004
P,98072pr0010,98072
R,2913,upn0128
R,200,202
T,66953pat0003,66953
P,3626cpr9802,3626c
P,970c00pr1524,970c00
A,30558c07,30558c09
P,50747pr0010,50747
R,2913,765c01
P,3626cpr2626,3626c
A,30558c08,30558c09
T,65080pat0001,65080
T,65080pat0002,65080
P,3068bpr9817,3068b
P,3626cpr2870,3626c
P,970c00pr1696,970c00
P,973c21h21pr0003,973c21h21
P,3626cpr2902,3626c
P,3626cpr2806,3626c
P,3626cpr2901,3626c
P,3626cpr2853,3626c
P,970c00pr1680,970c00
P,3626cpr2878,3626c
P,3626cpr2882,3626c
T,65272pat0001,65272
P,3626cpr2881,3626c
P,3068bpr9815,3068b
T,39367pat0001,39367
P,90398pr0034,90398
P,970c00pr9835,970c00
A,fabfig0002c07pr0002,fabfig0002c08pr0001
A,fabfig0002c10pr0002,fabfig0002c08pr0001
P,3626cpr2868,3626c
P,3626cpr9801,3626c
P,3626cpr9800,3626c
T,65272pat0003,65272
P,970c00pr1754,970c00
P,25973pr0093,25973
P,60601pr0007,60601
P,3626cpr0027,3626c
M,3626cpr0827,3626bpr0827
M,3626cpr0772,3626bpr0772
P,3626cpr0012,3626c
P,3068bpr0405,3068b
P,3626cpr3131,3626c
P,39040pr0001,39040
P,37674pr0001,37674
P,14769pr1140,14769
P,37675pr0001,37675
P,3626cpr3099,3626c
P,30370pr0276,30370
P,6309pr0088,6309
P,6309pr0089,6309
P,3626cpr2377,3626c
P,6309pr0090,6309
P,3626cpr3100,3626c
P,3626cpr3102,3626c
P,6309pr0092,6309
P,3070bpr0004,3070b
P,3070bpr0005,3070b
P,3069bpr0295,3069b
P,3069bpr0296,3069b
P,3068bpr9745,3068b
P,3068bpr9744,3068b
T,scalaupn0096pat0001,scalaupn0096
T,scalaupn0096pat0002,scalaupn0096
T,scalaupn0096pat0003,scalaupn0096
T,scalaupn0030pat0001,scalaupn0030
T,scalaupn0038pat0001,scalaupn0038
P,45896pr0001,45896
P,45896pr0010,45896
P,45896pr0011,45896
P,belupn0071pr0001,belupn0071
P,belupn0070pr0001,belupn0070
P,973c03h01pr9998,973c03h01
A,4555c16pr0008,4555c16pr0004
A,75115pr9997,75115pr0003
P,4066pr9973,4066
P,1011Apr0001,1011A
P,1011Apr0002,1011A
P,1011Apr0003,1011A
P,1011Apr0004,1011A
P,1011Apr0005,1011A
P,98163pr0007,98163
P,98162pr0007,98162
P,1011Apr0006,1011A
P,1011Apr0007,1011A
P,973c01h01pr2118,973c01h01
P,1011Apr0008,1011A
P,93552pr0003,93552
P,1011Apr0009,1011A
P,1011Apr0010,1011A
T,65272pat0002,65272
P,1011Apr0012,1011A
P,1011Apr0013,1011A
T,39367pat0002,39367
P,1011Apr0014,1011A
P,1011Apr0015,1011A
P,1011Apr0016,1011A
P,1011Apr0017,1011A
P,1011Apr0018,1011A
P,1011Apr0019,1011A
P,1011Apr0020,1011A
P,1011Apr0021,1011A
P,1011Apr0022,1011A
P,1011Apr0023,1011A
P,1011Apr0024,1011A
P,87079pr0205,87079
P,2431pr0141,2431
T,38547pat0001,38547
P,1011Apr0025,1011A
P,1011Apr0026,1011A
P,1011Apr0027,1011A
P,1011Apr0028,1011A
P,1011Apr0029,1011A
P,39789pr0001,39789
P,973c27h01pr1541,973c27h01
P,1011Apr0040,1011A
P,3664pr0030,3664
P,98072pr0009,98072
P,98165pr0007,98165
P,98165pr0008,98165
P,98225pr0007,98225
P,973c01h01pr2314,973c01h01
P,22385pr2005,22385
P,1011Apr0041,1011A
P,1011Apr0042,1011A
P,90398pr0040,90398
P,1011Apr0044,1011A
P,1011Apr0045,1011A
P,1011Apr0046,1011A
P,1011Apr0047,1011A
P,1011Apr0048,1011A
P,1011Apr0049,1011A
P,1011Apr0050,1011A
P,1011Apr0051,1011A
P,1011Apr0052,1011A
P,1011Apr0054,1011A
P,1011Apr0055,1011A
P,1011Apr0056,1011A
P,1011Apr0057,1011A
P,3626cpr0827,3626c
P,1011Apr0058,1011A
P,1011Apr0059,1011A
P,1011Apr0060,1011A
P,3626cpr0771,3626c
P,1011Apr0061,1011A
P,1011Apr0062,1011A
P,1011Apr0063,1011A
P,1011Apr0064,1011A
P,3626cpr3098,3626c
P,1011Apr0065,1011A
P,1011Apr0066,1011A
P,6239pr0002,6239
R,46667,43121
P,1011Apr0067,1011A
P,1011Apr0068,1011A
P,1011Apr0069,1011A
P,1011Apr0070,1011A
P,3626cpr9861,3626c
P,64225pr0005,64225
P,1011Apr0072,1011A
P,1011Apr0073,1011A
P,1011Apr0074,1011A
P,1011Apr0075,1011A
P,1011Apr0076,1011A
P,1011Apr0078,1011A
P,1011Apr0079,1011A
P,3626cpr9860,3626c
P,1011Apr0104,1011A
P,1011Apr0102,1011A
P,11477pr0009,11477
P,1011Apr0100,1011A
B,98138pr0174,67217
P,1011Apr0099,1011A
P,1011Apr0098,1011A
P,1011Apr0011,1011A
B,33721b,33721c01
T,24108c03,24108
P,1011Apr0039,1011A
P,1011Apr0043,1011A
A,19001c01,19001
P,3068bpr9816,3068b
P,1011Apr0053,1011A
P,4198pr9991,4198
P,1011Apr0071,1011A
P,1011Apr0077,1011A
P,1011Apr0103,1011A
P,1011Apr0101,1011A
P,6179pr9996,6179
P,1011Apr0097,1011A
P,1011Apr0092,1011A
P,1011Apr0088,1011A
P,1022Apr0221,1022A
P,1022Apr0224,1022A
P,1022Apr0225,1022A
P,1022Apr0226,1022A
P,1022Apr0230,1022A
P,1022Apr0231,1022A
P,1022Apr0233,1022A
P,14718pr0010,14718
P,1011Apr0122,1011A
P,1011Apr0123,1011A
P,1031Apr0001,1031A
B,973p90,973c31h31pr2814
P,87079pr0218,87079
P,1022Dpr0001,1022D
P,1022Dpr0002,1022D
P,3626cpr3120,3626c
P,973c01h01pr1998,973c01h01
P,1022Dpr0003,1022D
P,1022Dpr0004,1022D
P,1022Dpr0007,1022D
P,1022Dpr0008,1022D
P,1022Dpr0009,1022D
M,3626cpr0005,3626bpr0643
P,1022Dpr0010,1022D
P,1022Dpr0011,1022D
P,1022Dpr0013,1022D
P,1022Dpr0015,1022D
P,1022Dpr0016,1022D
P,89974pr0003,89974
A,fabfig0002c03pr0001,fabfig0002c08pr0001
P,1022Dpr0017,1022D
P,3626cpr2879,3626c
P,973c01h01pr4369,973c01h01
P,973c11h02pr9827,973c11h02
P,2454bpr0008,2454b
P,87079pr0007,87079
P,clikupn0065apr0021,clikupn0065a
P,970d29pr0001,970d00
P,4215apr0001,4215a
A,3010pr9937,3010pr9936
P,3626cpr2559,3626c
P,3626cpr2561,3626c
P,3626cpr2619,3626c
P,3626cpr0566,3626c
P,1022Dpr0018,1022D
P,3626cpr2552,3626c
P,970c00pr1495,970c00
P,973c01h01pr2319,973c01h01
T,973c08h27,973c00
P,3626cpr3105,3626c
P,3626cpr2563,3626c
P,1022Dpr0019,1022D
P,1022Dpr0021,1022D
P,59349pr0008,59349
P,98225pr0003,98225
P,1022Dpr0022,1022D
P,1022Dpr0023,1022D
P,1022Dpr0025,1022D
P,1022Dpr0026,1022D
P,1022Dpr0027,1022D
P,1022Dpr0028,1022D
B,33721a,33721c01
P,1022Dpr0029,1022D
P,1022Dpr0030,1022D
P,3069bpr0290,3069b
P,3068bpr9939,3068b
P,3068bpr9938,3068b
P,3068bpr9937,3068b
P,3068bpr9936,3068b
P,3068bpr9935,3068b
P,3068bpr9934,3068b
P,3068bpr9933,3068b
P,3068bpr9932,3068b
P,3068bpr9931,3068b
P,3068bpr9930,3068b
P,3068bpr9929,3068b
P,3068bpr9928,3068b
P,3068bpr9926,3068b
P,3068bpr9925,3068b
P,3068bpr9924,3068b
P,3068bpr9923,3068b
P,3068bpr9921,3068b
P,3068bpr9920,3068b
R,23798,44772
P,3068bpr9927,3068b
P,98165pr0009,98165
P,3626cpr2104,3626c
P,973c27h27pr4056,973c27h27
P,973c22h01pr9789,973c22h01
P,98163pr0004,98163
P,3068bpr9919,3068b
P,19729pr0007,19729
P,973c21h21pr0004,973c21h21
P,970c00pr9834,970c00
P,970c00pr9833,970c00
P,27507pr0004,27507
P,98138pr0175,98138
P,1022Dpr0005,1022D
P,1022Dpr0006,1022D
P,1022Dpr0012,1022D
P,1022Dpr0014,1022D
P,19729pr0018,19729
T,24108c01,24108
P,19729pr0019,19729
P,4162pr9988,4162
P,31110pr0039,31110
P,1022Dpr0020,1022D
P,21019c00pat006pr0002,21019c00pat006
P,98138pr0177,98138
B,98138pr0178,67217
B,98138pr0179,67217
P,973c31h03pr0001,973c31h03
P,1022Dpr0024,1022D
P,98138pr0180,98138
P,3626cpr9799,3626c
P,1022Dpr0031,1022D
B,98138pr0180,67217
P,21561pr0016,21561
P,3960pr0031,3960
P,57895pr0019,57895
P,1021Apr0115,1021A
P,13792pr0002,13792
P,6474pr0003,6474
A,3068bpr0095,3068bpr0136
A,3069bpr0033,3069bpr0032
P,3626cpr2802,3626c
P,1021Apr0116,1021A
P,3068bpr0349,3068b
P,63864pr0002,63864
P,3437pr9999,3437
P,3437pr0016,3437
A,fabfig0003c02pr0001,fabfig0003c01pr0001
P,1021Apr0117,1021A
P,3011pr1011,3011
P,14769pr0008,14769
P,15875c01pr0014,15875
P,19729pr0011,19729
P,19729pr0016,19729
P,21561pr0030,21561
P,3626cpr0413,3626c
P,76371pr0027,76371
B,2377,2377c01
P,3040bpr0005,3040b
P,21560pr0003,21560
P,31110pr0098,31110
M,6177b,6177a
P,1021Apr0119,1021A
P,3626cpr0005,3626c
P,970c00pr9832,970c00
P,3626cpr9798,3626c
P,970c00pr8998,970c00
P,973c03h03pr0002,973c03h03
P,3626cpr1029,3626c
P,98138pr0225,98138
P,1021Apr0120,1021A
P,1021Apr0121,1021A
M,3626cpr0012,3626bpr0230
P,970c00pr1519,970c00
M,3626cpr0823,3626bpr0823
P,973c34h01pr4838,973c34h01
M,3626cpr0771,3626bpr0771
M,3626cpr1164,3626bpr1164
P,3626cpr2818,3626c
P,1021Apr0122,1021A
P,3626cpr2837,3626c
P,3626cpr2832,3626c
P,1021Apr0124,1021A
P,98138pr0181,98138
P,3626cpr2812,3626c
P,3626cpr3464,3626c
P,1021Apr0126,1021A
P,3626cpr3465,3626c
T,21019c00pat022,21019c00
P,3626cpr2813,3626c
P,1021Apr0127,1021A
P,1021Apr0128,1021A
P,3626cpr2814,3626c
P,3626cpr2815,3626c
P,970c00pr1642,970c00
P,1021Apr0130,1021A
P,1021Apr0132,1021A
P,3626cpr3463,3626c
P,1021Apr0133,1021A
P,1021Apr0134,1021A
P,3626cpr2816,3626c
P,1021Apr0135,1021A
P,1021Apr0136,1021A
P,1021Apr0137,1021A
B,46667,43121c04
P,4198pr9990,4198
P,1011Apr0096,1011A
P,970c00pr1648,970c00
A,3069bpr0033,3069bpr0031
P,1011Apr0095,1011A
P,1011Apr0094,1011A
P,1011Apr0093,1011A
P,1011Apr0091,1011A
P,3626cpr2817,3626c
P,3626cpr9728,3626c
P,1011Apr0089,1011A
P,1011Apr0087,1011A
P,3626cpr2609,3626c
P,3626cpr2610,3626c
P,970c00pr1649,970c00
P,6179pr9995,6179
P,3626cpr3151,3626c
P,3626cpr2808,3626c
P,3626cpr2836,3626c
P,3626cpr9859,3626c
P,3626cpr2838,3626c
P,3626cpr2839,3626c
R,upn0026pr0001,upn0027pr0001
P,26393pr0003,26393
P,3068bpr9814,3068b
P,17349pr0003,17349
P,3626cpr0740,3626c
P,4865bpr0007,4865b
P,3068bpr0395,3068b
P,3626cpr9957,3626c
M,3626cpr1063,3626bpr1063
P,37829pr0004,37829
P,1011Apr0085,1011A
P,973c27h27pr4682,973c27h27
P,1011Apr0084,1011A
P,3068bpr9918,3068b
P,1011Apr0083,1011A
P,1011Apr0082,1011A
P,970c00pr1458,970c00
P,3626cpr2844,3626c
P,1011Apr0081,1011A
R,upn0016pr0001,upn0332
P,3011pr0037,3011
P,31110pr9997,31110
P,1011Apr0080,1011A
P,3068bpr9917,3068b
P,1011Bpr0002,1011B
P,3068bpr9916,3068b
P,3626cpr9726,3626c
P,21561pr0013,21561
P,21561pr0010,21561
P,3626cpr0414,3626c
P,1011Bpr0003,1011B
B,4862,2377c01
P,4199pr0001,4199
B,4842,4842c01
P,4197pr0012,4197
P,21561pr0011,21561
P,3068bpr9915,3068b
P,3626cpr2843,3626c
P,25972pr0001,25972
P,3626cpr3599,3626c
P,970c00pr1500,970c00
P,3068bpr9914,3068b
P,1011Bpr0004,1011B
P,18990pr0002,18990
P,3626cpr2486,3626c
P,970c00pr1449,970c00
P,1011Bpr0005,1011B
P,1011Bpr0006,1011B
P,24946pr0001,24946
P,3626cpr2485,3626c
P,3626cpr9725,3626c
P,970c00pr1527,970c00
P,3004pr0032,3004
P,2431pr0117,2431
P,3245cpr0132,3245c
P,3068bpr0371,3068b
P,3626cpr2848,3626c
P,3245cpr0133,3245c
P,970c00pr1526,970c00
P,970c00pr1528,970c00
P,3626cpr2620,3626c
P,3626cpr2622,3626c
P,15535pr0004,15535
P,51547pr0005,51547
P,6474pr9988,6474
P,51704pr0003,51704
P,6474pr0001,6474
P,93273pr9994,93273
P,2431pr0105,2431
P,15625pr0013,15625
P,98138pr0039,98138
P,3068bpr9913,3068b
P,3068bpr0384,3068b
P,3068bpr9911,3068b
P,11818pr0005,11818
R,42605pr0001,42604pr0001
P,6179pr9994,6179
P,6474pr0006,6474
P,28621pr0006,28621
P,4162pr0071,4162
P,4162pr0072,4162
P,3626cpr2852,3626c
P,1011Apr0090,1011A
P,3626cpr2103,3626c
P,31111pr9994,31111
P,3070bpr0213,3070b
A,32905,4716
P,4162pr0062,4162
P,4162pr0060,4162
A,24911c02,24911c01
P,76371pr0126,76371
P,6474pr0004,6474
P,16925c01pr0132,16925
P,16497pr0123,16497
P,87610pr0278,87610
P,1011Apr0086,1011A
P,1011Bpr0001,1011B
P,970c00pr1530,970c00
P,3068bpr9813,3068b
P,3626cpr2593,3626c
R,42605pr0003,42604pr0002
P,1011Bpr0008,1011B
P,1022Dpr0032,1022D
P,973c01h01pr1592,973c01h01
P,970c00pr9963,970c00
P,44375bpr0005,44375b
P,973c01h01pr1546,973c01h01
P,21561pr0017,21561
P,11153pr0003,11153
P,14222pr0008,14222
P,4066pr0478,4066
P,2302pr0012,2302
P,973c01h01pr1711,973c01h01
P,973c27h01pr3128,973c27h01
P,31213pr0011,31213
P,973c27h27pr4095,973c27h27
P,973c27h27pr4160,973c27h27
P,973c27h27pr4093,973c27h27
P,973c27h27pr3227,973c27h27
P,973c27h27pr4710,973c27h27
P,973c27h27pr5157,973c27h27
P,21561pr0014,21561
P,973c27h27pr3141,973c27h27
P,1022Dpr0033,1022D
P,21562pr0001,21562
P,973c27h27pr4062,973c27h27
P,3626cpr0564,3626c
P,87610pr0277,87610
P,1022Dpr0034,1022D
P,1022Dpr0035,1022D
P,973c27h27pr4700,973c27h27
P,973c27h27pr4161,973c27h27
P,98387pr0004,98387
P,18675pr0008,18675
P,3626cpr2530,3626c
P,3626cpr2582,3626c
P,973c27h27pr4757,973c27h27
P,973c27h27pr3104,973c27h27
P,973c27h27pr3458,973c27h27
P,1022Dpr0036,1022D
P,1022Dpr0037,1022D
B,98138pr0177,67217
P,3011pr0039,3011
P,98138pr0178,98138
P,31110pr9995,31110
P,3626cpr0582,3626c
P,18973pr0007,18973
P,970c00pr1690,970c00
P,3626cpr0619,3626c
P,3626cpr2865,3626c
P,1022Dpr0038,1022D
P,88930pr0014,88930
P,26603pr0015,26603
P,98071pr0008,98071
B,4844,4842c01
P,3626cpr9952,3626c
P,15535pr0005,15535
P,31111pr9991,31111
P,6474pr9987,6474
P,29988pr0003,29988
P,3626cpr2629,3626c
P,1022Dpr0039,1022D
A,973c01h01pr1941,973c31h01pr2136
P,4162pr0061,4162
P,clikupn0065apr0022,clikupn0065a
P,970c00pr1682,970c00
P,973c27h01pr9733,973c27h01
P,973c27h01pr9755,973c27h01
A,973c03h14pr9848,973c03h27pr3113
A,973c03h26pr4246,973c03h26pr1570
P,973c03h03pr9862,973c03h03
P,76371pr0127,76371
P,973c03h03pr4325,973c03h03
R,33326pr0001,33325
P,98138pr0179,98138
P,1022Dpr0040,1022D
P,970c00pr1689,970c00
P,973c03h27pr4210,973c03h27
P,973c03h27pr9849,973c03h27
P,973c27h27pr4797,973c27h27
P,3010pr0034,3010
P,1044Apr0001,1044A
P,3626cpr2567,3626c
P,1044Apr0002,1044A
P,3626cpr2568,3626c
P,3626cpr2577,3626c
P,973c03h27pr5152,973c03h27
P,45677pr0008,45677
P,30367cpr1020,30367c
P,1044Apr0004,1044A
P,47423pr0002,47423
P,973c27h01pr1588,973c27h01
P,973c03h12pr3205,973c03h12
P,973c03h12pr5023,973c03h12
P,973c03h03pr4520,973c03h03
P,31111pr9984,31111
P,14222pr0002,14222
P,1011Bpr0007,1011B
P,1011Bpr0009,1011B
P,98165pr0012,98165
P,973c31h01pr9683,973c31h01
P,3961pr0003,3961
P,11153pr0004,11153
P,98100pr0006,98100
P,4162pr0039,4162
P,98281pr0001,98281
R,42605pr0002,42604pr0003
P,15429pr0012,15429
P,31213pr0002,31213
P,3011pr1009,3011
P,31110pr0109,31110
P,3437pr0113,3437
P,98223pr0005,98223
P,1011Bpr0034,1011B
P,3626cpr2632,3626c
P,3070bpr0214,3070b
P,31111pr0001,31111
P,87610pr0279,87610
P,87610pr0275,87610
P,4066pr0009,4066
P,1011Bpr0033,1011B
P,1011Bpr0032,1011B
P,1011Bpr0031,1011B
P,4198pr9980,4198
P,57895pr0018,57895
P,3626cpr9857,3626c
P,3626cpr9856,3626c
P,3626cpr9855,3626c
P,48933pr0003,48933
P,41970pr0002,41970
P,3010pr0044,3010
P,63864pr0018,63864
P,1011Bpr0030,1011B
P,1011Bpr0029,1011B
P,3626cpr1063,3626c
P,47753pr0008,47753
P,970c00pr0003,970c00
P,1011Bpr0028,1011B
P,1011Bpr0027,1011B
P,1011Bpr0026,1011B
P,1011Bpr0025,1011B
P,21562pr0002,21562
P,1011Bpr0024,1011B
P,3010pr0065,3010
P,1011Bpr0023,1011B
R,upn0018,upn0027pr0001
P,3010pr0066,3010
P,3010pr0068,3010
P,3010pr0069,3010
P,3010pr0070,3010
P,3010pr0071,3010
P,3010pr0072,3010
R,30625,30639
R,30637,30625
P,3437pr0109,3437
R,30462,30463
P,1011Bpr0022,1011B
P,1011Bpr0021,1011B
P,25128c01pr0003,25128c01
P,85984pr0012,85984
P,1011Bpr0020,1011B
P,1011Bpr0019,1011B
P,11818pr0147,11818
P,3068bpr0356,3068b
P,3626cpr2749,3626c
P,3626cpr2747,3626c
P,1011Bpr0017,1011B
B,40246,40245c00
P,1011Bpr0016,1011B
R,30637,30649
P,clikupn0065apr0002,clikupn0065a
P,1011Bpr0015,1011B
P,87552pr0009,87552
R,6090,6088
P,1011Bpr0014,1011B
P,1011Bpr0012,1011B
P,71772pr0001,71772
P,1011Bpr0011,1011B
A,15210pr0006,30258pr0003
B,30255,71958c01
P,1011Bpr0010,1011B
P,1011Bpr0035,1011B
P,1011Bpr0036,1011B
P,1011Bpr0037,1011B
P,11818pr0143,11818
P,1011Cpr0038,1011C
P,1011Cpr0037,1011C
P,1011Cpr0036,1011C
P,21019c00pat005pr1879,21019c00pat005
P,1011Cpr0035,1011C
P,970c00pr1790,970c00
P,24093pr0013,24093
P,1011Cpr0034,1011C
P,1011Cpr0033,1011C
B,200,2426c01
P,37829pr0005,37829
P,1011Cpr0032,1011C
P,1011Cpr0031,1011C
P,1011Cpr0030,1011C
P,970c00pr1956,970c00
P,11602pr0006,11602
P,973c31h01pr5243,973c31h01
P,1022Bpr0001,1022B
P,970c00pr1928,970c00
R,24314c02,24312
P,16925c01pr0009,16925
P,1011Bpr0018,1011B
P,1011Bpr0013,1011B
P,6179pr9993,6179
M,28621pr0006,3626cpr9870
P,1011Cpr0039,1011C
P,1011Cpr0040,1011C
P,1022Bpr0004,1022B
P,1044Apr0003,1044A
P,1044Apr0005,1044A
P,1044Apr0006,1044A
P,25269pr0003,25269
P,1044Apr0007,1044A
P,3626cpr2439,3626c
P,3068bpr0354,3068b
P,3626cpr2446,3626c
P,3626cpr2449,3626c
P,3626cpr2445,3626c
B,98138pr0181,67217
P,15625pr0009,15625
B,upn0128,2913c01
P,3011pr0038,3011
P,973c11h01pr9708,973c11h01
P,973c22h22pr9761,973c22h22
P,973c02h02pr3143,973c02h02
P,973c28h22pr0190,973c28h22
P,87568pr0001,87568
P,98223pr0026,98223
P,3626cpr0348,3626c
P,3626cpr2523,3626c
P,973c28h22pr4537,973c28h22
P,973c28h22pr5414,973c28h22
P,973c28h22pr5159,973c28h22
A,973c28h22pr5414,973c28h22pr0190
P,98138pr0182,98138
P,3069bpr0264,3069b
P,3626cpr2858,3626c
P,970c00pr1687,970c00
A,973c28h22pr5414,973c28h22pr2047
P,18675pr0018,18675
B,98138pr0182,67217
A,973c28h22pr5414,973c28h22pr3334
A,973c28h22pr5414,973c28h22pr4537
B,upn0128,2913c02
A,973c28h22pr5414,973c05h22pr3916
A,973c28h22pr5414,973c05h22pr0325
P,3626cpr3265,3626c
P,clikupn0065apr0028,clikupn0065a
P,3069bpr0276,3069b
M,753,737b
P,4198pr0011,4198
P,3010pr0076,3010
P,3245cpr0175,3245c
P,22385pr0108,22385
P,65474pr0003,65474
B,202,2426c01
P,3005pr0010,3005
P,970c00pr1419,970c00
A,973c07h27pr3260,973c07h27pr3181
P,21561pr0012,21561
P,3010pr0033,3010
P,1021Apr0118,1021A
P,1021Apr0123,1021A
P,1043Apr0001,1043A
P,1043Apr0002,1043A
P,1043Apr0003,1043A
P,1043Apr0004,1043A
P,1043Apr0005,1043A
P,1043Apr0006,1043A
P,1043Apr0007,1043A
P,1043Apr0008,1043A
P,1043Apr0009,1043A
P,1043Apr0010,1043A
P,1043Apr0011,1043A
P,1043Apr0012,1043A
P,1043Apr0013,1043A
P,1043Apr0015,1043A
P,1043Apr0016,1043A
P,1043Apr0017,1043A
P,1043Apr0018,1043A
P,1043Apr0019,1043A
P,1043Apr0021,1043A
P,1043Apr0023,1043A
P,1043Apr0024,1043A
P,1043Apr0025,1043A
P,31110pr0108,31110
P,27925pr0004,27925
P,14769pr1109,14769
P,27925pr0005,27925
P,3626cpr2842,3626c
P,4162pr0059,4162
P,3069bpr0221,3069b
P,3245cpr0134,3245c
P,30144pr0164,30144
B,2132,2131c01
P,30144pr0102,30144
P,30144pr0103,30144
P,75902pr0019,75902
P,3068bpr9812,3068b
R,2418b,30200
P,30144pr0204,30144
P,30144pr0149,30144
P,30144pr0240,30144
P,30144pr0271,30144
P,3068bpr9811,3068b
P,1022Bpr0002,1022B
P,1022Bpr0005,1022B
P,1022Bpr0006,1022B
P,1022Bpr0008,1022B
P,1022Bpr0009,1022B
P,1022Bpr0034,1022B
P,1022Bpr0033,1022B
P,98072pr0008,98072
P,65196pr0004,65196
P,18990pr0003,18990
P,4198pr9979,4198
P,3626cpr0360,3626c
P,21019c00pat002pr0001,21019c00pat002
P,3070bpr0010,3070b
P,clikupn0065apr0029,clikupn0065a
P,3011pr0040,3011
T,40925pat0007,40925
P,3004pr0005,3004
P,3626cpr9893,3626c
M,30173b,21459
P,1022Bpr0032,1022B
R,53993pat0001,53990
P,1022Bpr0031,1022B
R,upn0026pr0001,upn0018
P,1022Bpr0030,1022B
P,3960pr0027,3960
P,973c27h01pr2412,973c27h01
P,22385pr1005,22385
P,22385pr0087,22385
P,1022Bpr0029,1022B
P,1022Bpr0028,1022B
P,11408c01pr0002,11408c01
P,1022Bpr0027,1022B
P,3626cpr2509,3626c
P,93220pr0005,93220
P,4162pr0058,4162
P,31110pr0105,31110
P,1022Bpr0025,1022B
P,14769pr1079,14769
P,970c00pr1529,970c00
P,1022Bpr0023,1022B
P,85984pr9998,85984
P,2431pr0160,2431
P,15535pr0006,15535
P,1022Bpr0022,1022B
P,1022Bpr0021,1022B
P,1022Bpr0020,1022B
P,1022Bpr0019,1022B
P,upn0018pr0001,upn0018
P,1022Bpr0018,1022B
P,1022Bpr0017,1022B
P,1022Bpr0016,1022B
P,1022Bpr0015,1022B
P,upn0018pr0002,upn0018
R,6089,6090
P,13792pr0003,13792
P,3068bpr0444,3068b
P,10202pr0012,10202
P,1022Bpr0014,1022B
P,10202pr0011,10202
P,98138pr0081,98138
P,973c03h12pr5419,973c03h12
P,1022Bpr0013,1022B
P,20596pr0003,20596
P,1022Bpr0012,1022B
P,14769pr0022,14769
P,87552pr0003,87552
P,98138pr0141,98138
T,32572pat0001,32572
P,28631pr0004,28631
P,18746pr0002,18746
P,6309pr0011,6309
P,3068bpr9922,3068b
P,1011Cpr0028,1011C
P,16925c01pr0138,16925
P,1022Bpr0011,1022B
P,1022Bpr0010,1022B
P,1022Bpr0035,1022B
P,970x026pr1921,970x026
P,1022Bpr0003,1022B
P,30144pr0181,30144
P,973c01h01pr1941,973c01h01
P,51704pr9999,51704
P,21019c00pat005pr1874,21019c00pat005
P,21019c00pat012pr1877,21019c00pat012
P,3069bpr0339,3069b
P,1022Bpr0007,1022B
P,1022Bpr0026,1022B
P,20381c01pr0147,20381
P,36036pr0004,36036
P,1022Bpr0024,1022B
P,1022Bpr0036,1022B
P,30350cpr0011,30350c
P,87580pr0001,87580
P,3069bpr0278,3069b
P,66565pr0001,66565
P,1022Bpr0040,1022B
P,15068pr0023,15068
P,2431pr0118,2431
P,6636pr0018,6636
P,4066pr0321,4066
P,3626cpr9950,3626c
B,upn0186,737bc01
B,3070bpr0010,67211
P,1042Apr0001,1042A
P,98138pr0183,98138
P,1042Apr0002,1042A
P,1042Apr0003,1042A
P,1042Apr0004,1042A
P,66565pr0006,66565
M,65098,32138
R,15537,15536
R,2918,2917
B,98138pr0184,67217
P,87079pr9987,87079
P,3626cpr0750,3626c
P,4197pr9999,4197
B,fabfig0002c02pr0001,fabfig0002c04pr0001
P,970c00pr1782,970c00
P,1042Apr0005,1042A
P,1042Apr0006,1042A
P,1042Apr0007,1042A
P,3626cpr0409,3626c
P,1042Apr0008,1042A
P,1042Apr0009,1042A
P,1042Apr0010,1042A
B,fabupn0021,fabfig0002c04pr0001
B,737,737c01
P,14769pr1131,14769
B,fabfig0002c11pr0001,fabfig0002c07pr0001
P,970c00pr9917,970c00
P,1042Apr0012,1042A
P,1042Apr0013,1042A
P,1042Apr0014,1042A
P,1042Apr0017,1042A
P,1042Apr0018,1042A
P,1042Apr0019,1042A
P,1042Apr0020,1042A
P,1042Apr0021,1042A
M,42195,26287
P,1042Apr0022,1042A
P,1042Apr0023,1042A
P,66565pr0005,66565
P,970c00pr1779,970c00
P,6309pr0093,6309
P,6309pr0097,6309
P,1042Apr0024,1042A
P,1042Apr0025,1042A
P,1042Apr0026,1042A
P,1042Apr0027,1042A
P,1042Apr0028,1042A
P,1042Apr0029,1042A
P,1042Apr0030,1042A
P,1042Apr0031,1042A
P,1042Apr0032,1042A
P,1042Apr0033,1042A
P,1042Apr0034,1042A
P,1042Apr0035,1042A
P,1042Apr0036,1042A
P,1042Apr0037,1042A
P,1042Apr0038,1042A
P,1042Apr0040,1042A
P,1042Apr0041,1042A
P,1042Apr0042,1042A
P,1042Apr0043,1042A
P,1042Apr0044,1042A
P,1042Apr0045,1042A
P,1042Apr0046,1042A
P,1042Apr0047,1042A
P,1042Apr0048,1042A
P,1042Apr0049,1042A
P,1042Apr0050,1042A
P,1042Apr0051,1042A
P,1021Apr0001,1021A
P,1021Apr0002,1021A
P,1021Apr0003,1021A
P,10172pr0001,10172
P,1022Bpr0037,1022B
P,1022Bpr0038,1022B
P,37829pr0006,37829
P,37829pr0007,37829
P,98162pr0001,98162
P,35735pr0001,35735
P,1022Bpr0039,1022B
P,1022Bpr0041,1022B
P,1022Cpr0001,1022C
P,1022Cpr0002,1022C
P,1022Cpr0003,1022C
P,66565pr0002,66565
P,1022Cpr0004,1022C
P,60581pr0027,60581
P,15068pr0024,15068
P,clikupn0065apr0031,clikupn0065a
P,1022Cpr0005,1022C
P,1022Cpr0006,1022C
P,1022Cpr0007,1022C
P,1022Cpr0008,1022C
P,1022Cpr0009,1022C
P,1022Cpr0034,1022C
P,1022Cpr0033,1022C
P,1022Cpr0032,1022C
P,31213pr0036,31213
P,1022Cpr0031,1022C
P,31110pr0107,31110
M,3626cpr0750,3626bpr0750
P,1022Cpr0030,1022C
P,1022Cpr0029,1022C
P,21019c00pat005pr1892,21019c00pat005
P,1022Cpr0028,1022C
P,3626cpr0633,3626c
P,1022Cpr0027,1022C
P,1022Cpr0026,1022C
P,1022Cpr0025,1022C
P,1022Cpr0024,1022C
P,upn0018pr0003,upn0018
P,21019c00pat010pr1882,21019c00pat010
P,3001pr9991,3001
P,3004pr9996,3004
P,3626cpr9868,3626c
P,4162pr9995,4162
P,4162pr9994,4162
P,2431pr0134,2431
M,1111M,1111L
P,98138pr0184,98138
P,3070bpr0011,3070b
M,1121M,1121L
P,85651pr0003,85651
P,1022Cpr0023,1022C
P,96714pr0002,96714
P,1022Cpr0022,1022C
P,64991pr0002,64991
P,1022Cpr0021,1022C
P,1022Cpr0020,1022C
P,1022Cpr0019,1022C
P,31110pr9998,31110
P,1022Cpr0018,1022C
P,1022Cpr0017,1022C
P,1022Cpr0016,1022C
P,1022Cpr0015,1022C
P,1022Cpr0014,1022C
P,1022Cpr0013,1022C
P,1022Cpr0012,1022C
P,1022Cpr0011,1022C
P,1022Cpr0010,1022C
P,27149pr0076,27149
P,60581pr0016,60581
P,1022Cpr0035,1022C
P,1022Cpr0036,1022C
R,30255,71958
B,98138pr0141,67222
P,1022Cpr0037,1022C
P,28631pr0161,28631
P,28631pr0129,28631
P,15554pr0192,15554
P,15554pr0003,15554
P,85974pr0172,85974
P,98381pr0064,98381
P,1022Cpr0038,1022C
P,1022Cpr0039,1022C
P,15427pr0173,15427
P,1022Cpr0040,1022C
P,1022Cpr0041,1022C
P,1022Cpr0042,1022C
P,1022Cpr0043,1022C
P,1011Apr0105,1011A
P,21019c00pat004pr1903,21019c00pat004
P,1011Apr0106,1011A
P,973c27h01pr2165,973c27h01
P,1011Apr0107,1011A
P,1011Apr0108,1011A
P,1011Apr0110,1011A
P,1011Apr0112,1011A
P,1011Apr0113,1011A
P,1011Apr0115,1011A
P,1011Apr0117,1011A
P,1011Apr0118,1011A
P,66565pr0004,66565
P,1011Apr0109,1011A
P,1011Apr0111,1011A
B,3070bpr0011,67211
P,15535pr0007,15535
P,3626cpr3045,3626c
P,1011Apr0114,1011A
P,60581pr0017,60581
P,1011Apr0116,1011A
B,2131,2131c01
P,3626cpr0642,3626c
P,1011Apr0119,1011A
P,1011Apr0120,1011A
P,3626cpr3046,3626c
P,3626cpr1164,3626c
P,1011Apr0121,1011A
P,3626cpr3048,3626c
P,3626cpr3049,3626c
P,1042Apr0011,1042A
P,1042Apr0015,1042A
P,1042Apr0016,1042A
P,2431pr0135,2431
M,1131M,1131L
P,1042Apr0039,1042A
P,41879bpr0010,41879b
T,16709pat0003,16709
T,16709pat0002,16709
P,3070bpr0012,3070b
P,16709pat0001pr0014,16709pat0001
P,1021Apr0005,1021A
P,1021Apr0006,1021A
P,16709pat0001pr0013,16709pat0001
P,1021Apr0020,1021A
P,1021Apr0138,1021A
P,12895pr0113,12895
P,1021Apr0139,1021A
M,28974,42446
P,1021Apr0140,1021A
M,3626cpr1549,3626bpr1549
P,3626cpr3050,3626c
P,1021Apr0141,1021A
P,1021Apr0142,1021A
P,1021Apr0143,1021A
P,1021Apr0144,1021A
P,3626cpr3051,3626c
P,1021Apr0145,1021A
M,1141M,1141L
P,1021Apr0147,1021A
P,3626cpr3053,3626c
P,1021Apr0148,1021A
P,1021Apr0149,1021A
P,3626cpr3054,3626c
P,1021Apr0151,1021A
P,3626cpr3055,3626c
P,3626cpr3056,3626c
P,1021Apr0152,1021A
P,3626cpr3057,3626c
P,3626cpr3058,3626c
P,3626cpr3059,3626c
P,1021Apr0153,1021A
P,1021Apr0154,1021A
P,1021Apr0155,1021A
P,1021Apr0156,1021A
P,3626cpr3047,3626c
P,1021Apr0157,1021A
P,1021Apr0158,1021A
P,28631pr0211,28631
P,3626cpr3052,3626c
P,1021Apr0159,1021A
P,28631pr0117,28631
P,1021Apr0160,1021A
P,18858pr0002,18858
P,1021Apr0161,1021A
P,1021Apr0163,1021A
P,1021Apr0164,1021A
P,66409pr0003,66409
P,66409pr0004,66409
P,1021Apr0165,1021A
P,1021Apr0166,1021A
A,973c07h27pr9943,973c07h27pr3260
P,3010pr9991,3010
P,973c27h27pr9756,973c27h27
P,59086pr0002,59086
P,1021Apr0167,1021A
P,1021Apr0168,1021A
P,1021Apr0004,1021A
P,1021Apr0162,1021A
P,1021Apr0170,1021A
P,98368pr0002,98368
M,2306,3298
P,1021Apr0171,1021A
P,1021Apr0172,1021A
P,1021Apr0173,1021A
P,1021Apr0174,1021A
P,3068bpr9810,3068b
P,1021Apr0175,1021A
A,fabfig0019c01pr0002,fabfig0019c01pr0001
T,21019c00pat008,21019c00
P,21019c00pat004pr1732,21019c00pat004
P,3005pr0022,3005
P,30144pr0160,30144
B,3070bpr0012,67211
P,upn0018pr0004,upn0018
M,3002b,brickslot2x3
P,1021Apr0012,1021A
M,3002b,brickslot2x3b
P,3626cpr9727,3626c
R,47455,47432
A,27063,2546
P,3626cpr2895,3626c
P,3626cpr2896,3626c
P,63864pr0011,63864
P,39739pr0001,39739
B,scalaupn0120a,scalaupn0120
P,85651pr0002,85651
P,85651pr0001,85651
P,1021Apr0146,1021A
P,3626cpr0675,3626c
M,3626cpr0732,3626bpr0732
P,64991pr0003,64991
B,98138pr0183,67217
B,42411a,42411
B,42411b,42411
P,970c00pr2169,970c00
P,23969pr0001,23969
M,55705,98729
P,3626cpr9877,3626c
P,4066pr9987,4066
P,4066pr9986,4066
P,27321pr0001,27321
P,970c00pr9979,970c00
P,3626cpr9894,3626c
P,1021Apr0176,1021A
R,66727,18977
P,30144pr0188,30144
P,30144pr0087,30144
P,4066pr9985,4066
P,973c28h22pr9999,973c28h22
P,1043Apr0014,1043A
P,3069bpr9995,3069b
P,1043Apr0020,1043A
P,98138pr0131,98138
P,87568pr0002,87568
M,3002b,brickslot2x3c
B,69188b,69188c01
P,31110pr0106,31110
R,47455,47452
P,30144pr0088,30144
P,3626cpr8999,3626c
P,3626cpr2893,3626c
P,30144pr0275,30144
M,3626cpr0549,3626bpr0549
A,973c03h31pr0295,973c03h31pr4783
P,30144pr0128,30144
P,30144pr0098,30144
P,3070bpr0234,3070b
P,3626cpr9746,3626c
P,22385pr1001,22385
A,19727pr0020,19727pr0004
P,31005pr0008,31005
P,970c00pr1521,970c00
P,31005pr0009,31005
P,31005pr0010,31005
M,3626bpr0854,3626cpr0854
P,973c27h01pr1072,973c27h01
P,973c05h03pr9717,973c05h03
P,973c05h03pr3857,973c05h03
P,973c19h19pr4491,973c19h19
M,35394,3960
P,35394pr0003,35394
P,3068bpr9809,3068b
P,3068bpr9808,3068b
P,3068bpr9807,3068b
R,29632pr0001,29630pr0001
R,29632pr0004,29630pr0004
P,26831pr0001,26831
P,3005pr0015,3005
T,973c01h01,973c00
P,973c01h01pr0003,973c01h01
A,973c28h22pr5414,973c28h22pr5159
A,84638c04pr2821,84638c08pr9999
P,3068bpr9806,3068b
P,973c01h03pr9753,973c01h03
P,973c34h12pr5283,973c34h12
P,31110pr0099,31110
P,973c03h03pr4344,973c03h03
P,973c03h03pr3290,973c03h03
P,973c03h03pr4357,973c03h03
A,973c03h03pr3089,973c03h03pr4357
P,973c03h03pr4535,973c03h03
P,66409pr0007,66409
A,4479,93106
P,973c03h03pr4534,973c03h03
P,973c03h03pr3573,973c03h03
P,973c03h03pr4251,973c03h03
P,973c03h03pr5149,973c03h03
P,973c03h03pr4766,973c03h03
P,973c27h01pr2033,973c27h01
P,973c03h12pr4630,973c03h12
P,973c03h03pr4539,973c03h03
P,973c03h27pr4620,973c03h27
P,973c27h27pr9746,973c27h27
P,970c00pr0765,970c00
P,970c00pr1539,970c00
P,973c28h03pr9842,973c28h03
P,973c03h01pr9847,973c03h01
P,3626cpr2635,3626c
P,973c03h01pr9843,973c03h01
P,973c03h02pr4293,973c03h02
P,973c03h03pr3524,973c03h03
P,973c03h03pr4106,973c03h03
P,973c03h12pr3206,973c03h12
P,973c03h01pr3822,973c03h01
P,973c03h03pr4604,973c03h03
A,973c03h03pr4604,973c03h03pr2167
P,973c03h03pr9845,973c03h03
P,973c03h27pr4412,973c03h27
P,973c03h03pr3666,973c03h03
M,95345,4496
M,4287c,4287a
P,973c03h12pr4233,973c03h12
P,973c03h12pr4594,973c03h12
P,973c03h02pr4070,973c03h02
P,973c03h02pr4719,973c03h02
P,973c03h02pr4723,973c03h02
M,65746,48496
M,65487,15100
P,970c00pr1421,970c00
P,21019c00pat004pr1761,21019c00pat004
P,3005pr0023,3005
P,66409pr0002,66409
R,11435pr0001,11778pr0001
R,38943c03pr0001,21144c02pr0002
T,16709pat0006,16709
M,3626cpr1538,3626bpr1538
P,16874pr0002,16874
P,16925c01pr0145,16925
P,16925c01pr0147,16925
P,973c27h01pr1960,973c27h01
P,973c01h01pr0805,973c01h01
P,973c27h01pr4200,973c27h01
P,973c01h01pr1135,973c01h01
P,973c01h01pr1125,973c01h01
P,973c01h01pr1145,973c01h01
P,973c01h01pr9677,973c01h01
P,31110pr0104,31110
P,98130pr0003,98130
P,3068bpr0420,3068b
P,970c00pr1969,970c00
P,92002pr9999,92002
P,92263pr0002,92263
P,973c27h01pr3941,973c27h01
P,973c27h01pr1945,973c27h01
P,65590pr0001,65590
P,51703pr0001,51703
P,40711pr0001,40711
P,37823pr0001,37823
P,3070bpr0013,3070b
P,10154pr0011,10154
P,3626cpr9840,3626c
P,3070bpr0014,3070b
P,33026pr0002,33026
P,973c27h01pr1859,973c27h01
T,16709pat0008,16709
B,3070bpr0014,67211
P,3626cpr0732,3626c
P,4760c01pr0003,4760c01
P,3626cpr2580,3626c
P,3062bpr0022,3062b
P,4760c01pr0002,4760c01
P,87079pr0010,87079
P,30292pr0003,30292
P,973c27h01pr1806,973c27h01
P,3626cpr9881,3626c
P,3245cpr0135,3245c
P,973c27h01pr1763,973c27h01
P,973c27h01pr1760,973c27h01
A,30361pr1008,30361pr0013
P,15068pr0140,15068
P,3245cpr0178,3245c
P,38014pr1005,38014
P,973c27h01pr1755,973c27h01
P,973c27h01pr1724,973c27h01
P,973c27h01pr1653,973c27h01
P,973c27h01pr1701,973c27h01
P,973c27h01pr1719,973c27h01
P,973c27h01pr1627,973c27h01
P,973c27h01pr1621,973c27h01
P,973c27h01pr1573,973c27h01
P,973c27h01pr1549,973c27h01
P,973c27h01pr1443,973c27h01
P,973c27h01pr1320,973c27h01
P,973c27h01pr1291,973c27h01
P,973c27h01pr1239,973c27h01
P,973c27h01pr1241,973c27h01
P,973c27h01pr1250,973c27h01
P,973c27h01pr1271,973c27h01
P,973c27h01pr1197,973c27h01
A,973c27h01pr1197,973c27h01pr4201
P,973c27h01pr1192,973c27h01
A,973c27h01pr1192,973c27h02pr0321
P,973c27h01pr0812,973c27h01
P,973c27h01pr0808,973c27h01
P,973c27h01pr0410,973c27h01
P,973c27h01pr0650,973c27h01
P,973c27h01pr0145,973c27h01
P,973c27h01pr0050,973c27h01
P,973c27h01pr0020,973c27h01
P,973c27h01pr1687,973c27h01
P,973c27h01pr1165,973c27h01
P,973c01h01pr0001,973c01h01
P,31110pr0036,31110
T,973c01h28,973c00
P,31110pr0028,31110
P,64225pr0003,64225
P,18675pr0015,18675
B,3070bpr0013,67211
P,12893pr0002,12893
P,3070bpr0015,3070b
P,35530pr0038,35530
P,10124pr0011,10124
P,66409pr0005,66409
P,973c27h27pr3077,973c27h27
P,970c00pr9916,970c00
P,973c27h27pr3179,973c27h27
P,3622pr0018,3622
P,970c00pr1957,970c00
B,98138pr0169,67217
M,3626apr0002,3626bpr0026
M,3626bpr0791,3626cpr0791
R,47455,47454
P,11055pr0001,11055
P,30292pr0002,30292
P,3626cpr2894,3626c
M,3626cpr0649,3626bpr0649
A,973c12h01pr2555,973c12h01pr0600
P,85984pr9997,85984
P,970x023pr9998,970x023
P,75720pr0001,75720
P,64867pr0004,64867
P,51703pr0002,51703
P,3626cpr9839,3626c
P,3069bpr0189,3069b
P,28621pr3241,28621
P,4162pr0082,4162
P,973c04h04pr5279,973c04h04
P,3068bpr9805,3068b
P,973c34h34pr5280,973c34h34
M,3626apr0006,3626bpr0083
A,973c28h18pr1642,973c28h18pr4703
P,973c04h04pr4704,973c04h04
M,3626apr0008,3626bpr0018
M,3626cpr0702,3626bpr0702
P,3068bpr9804,3068b
M,3626bpr0893,3626cpr0893
P,36036pr0018,36036
P,3068bpr9802,3068b
P,3245cpr0136,3245c
P,973c22h22pr3344,973c22h22
P,973c22h22pr4137,973c22h22
P,2302pr0007,2302
P,973c22h22pr3061,973c22h22
P,3068bpr9801,3068b
P,3068bpr9799,3068b
P,98223pr0007,98223
P,87079pr0161,87079
P,31110pr0026,31110
P,56206pr0001,56206
P,973c22h22pr2966,973c22h22
M,3626cpr0829,3626bpr0829
P,973c22h22pr2960,973c22h22
P,31110pr0022,31110
P,3068bpr9798,3068b
A,973c28h18pr1532,973c28h18pr4703
M,3626cpr0883,3626bpr0883
P,76371pr0125,76371
A,973c28h18pr3328,973c28h18pr4703
M,3626cpr0495,3626bpr0495
P,973c22h27pr4243,973c22h27
P,973c22h27pr3494,973c22h27
R,56908,69909
M,61332,2780
P,973c22h03pr4222,973c22h03
P,973c22h03pr2959,973c22h03
P,973c22h12pr3118,973c22h12
P,973c22h11pr4740,973c22h11
M,3942bpr0001,3942cpr0003
P,15429pr0011,15429
P,4490pr0008,4490
B,scalaupn0120b,scalaupn0120
P,35530pr0008,35530
P,3623pr0014,3623
B,3070bpr0015,67211
P,31111pr9993,31111
P,3437pr0090,3437
A,973c27h01pr9830,973c27h01pr0022
P,973c27h01pr9830,973c27h01
P,2431pr0116,2431
P,970c00pr9882,970c00
P,973c01h01pr1013,973c01h01
P,76371pr0048,76371
P,31110pr0038,31110
A,970x021pr9998,970x021pr0001
B,3070bpr0017,67211
P,973c27h01pr1014,973c27h01
P,3626apr0008,3626a
P,973c14h14pr2665,973c14h14
P,2723pr0006,2723
P,973c28h01pr0042,973c28h01
P,973c28h01pr0105,973c28h01
P,2723pr0007,2723
P,973c28h01pr0041,973c28h01
P,10pr0009,10
P,87079pr0009,87079
P,649pr0014,649
P,973c28h01pr0057,973c28h01
P,649pr0015,649
P,973c28h01pr0040,973c28h01
P,973c01h01pr5088,973c01h01
P,14222pr0004,14222
P,973c01h01pr5086,973c01h01
P,45677pr0013,45677
A,973c27h01pr9999,973c27h01pr3491
P,973c01h03pr4981,973c01h03
M,65574,4719
M,30388,53914
P,973c01h03pr2846,973c01h03
P,3069bpr0300,3069b
P,15210pr9998,15210
A,15210pr9998,15210pr9999
P,853967pr0001,853967
P,35700pr0003,35700
M,3626bpr0892,3626cpr0892
P,3040bpr0013,3040b
A,3626cpr1770,3626cpr1771
M,3660b,3660
P,98138pr0186,98138
P,14769pr0010,14769
P,3960pr0028,3960
P,24593pr0009,24593
P,3626cpr9729,3626c
P,41970pr0005,41970
P,4490pr0009,4490
P,3068bpr0416,3068b
P,2431pr0148,2431
P,30292pr9998,30292
P,3069bpr0301,3069b
P,87079pr0235,87079
P,973c27h01pr9999,973c27h01
R,29632pr0008,29630pr0008
P,973c01h01pr0002,973c01h01
P,973c22h27pr2958,973c22h27
A,3069bpr0300,3069bpr0030
P,973c11h02pr4247,973c11h02
P,973c03h01pr9689,973c03h01
P,30370pr0012,30370
P,970x140pr2032,970x140
P,3070bpr0016,3070b
P,87079pr0236,87079
P,3068bpr9803,3068b
P,3626cpr8998,3626c
P,973c28h14pr9999,973c28h14
P,973c03h01pr0143,973c03h01
R,29632pr0010,29630pr0010
P,1088pr0001,1088
R,15446,93560
A,973c26h25pr0158,973c26h25pr1458
A,973c26h25pr2295,973c26h25pr1458
P,28631pr0241,28631
P,3003pr0117,3003
P,1088pr0002,1088
A,973c26h20pr4263,973c26h25pr0158
A,973c26h20pr2367,973c26h20pr4263
P,3626cpr0004,3626c
T,973c28h14,973c00
P,973c28h14pr4584,973c28h14
P,973c28h14pr2726,973c28h14
P,973c28h14pr9825,973c28h14
T,16709pat0009,16709
P,973c28h14pr3582,973c28h14
M,3626bpr0925,3626cpr0925
M,3626cpr0498,3626bpr0498
M,3626cpr0600,3626cpr0600
M,3626bpr0579,3626cpr0579
M,3626cpr0743,3626bpr0743
P,30350cpr0012,30350c
A,10173,2588
P,4066pr0397,4066
P,31110pr0010,31110
P,20952pr0130,20952
P,15504pr0003,15504
P,973c28h14pr3821,973c28h14
P,15429pr0005,15429
P,3626cpr2866,3626c
P,14769pr1106,14769
P,44676pr0001,44676
A,32824,98722
B,3070bpr0016,67211
M,35336,4176
A,47548,98460
P,3626cpr9804,3626c
P,4150pr0048,4150
P,41970pr0011,41970
P,15625pr0012,15625
P,970x140pr0001,970x140
P,76371pr0089,76371
P,14769pr0012,14769
P,973c34h12pr9688,973c34h12
P,3626cpr9964,3626c
T,973c24h26,973c00
P,973c24h01pr9713,973c24h01
P,31110pr0033,31110
P,973c24h01pr4013,973c24h01
P,3626cpr1708,3626c
P,973c24h01pr4108,973c24h01
B,973ph3,973c03h27pr1684
P,31110pr0024,31110
R,47455,48170
P,3070bpr0017,3070b
A,15672,92946
P,3437pr0108,3437
R,828,3317
P,76371pr0124,76371
P,3846pr0020,3846
P,31111pr9995,31111
P,3010pr0053,3010
P,31111pr9979,31111
P,4490pr0007,4490
P,4490pr0006,4490
P,4490pr0011,4490
P,85974pr0252,85974
P,3622pr0041,3622
P,3622pr0039,3622
P,3622pr0034,3622
P,3622pr0033,3622
P,2300pr0009,2300
B,65505a,65505
P,98223pr9994,98223
P,31110pr0112,31110
P,4198pr0003,4198
P,3011pr0004,3011
P,47423pr0001,47423
P,51261pr0001,51261
P,76371pr0002,76371
P,50955pr0002,50955
P,15068pr0032,15068
P,88930pr0032,88930
P,50956pr0002,50956
P,63864pr0020,63864
A,767,4166
P,3069bpr0253,3069b
P,24087pr0003,24087
P,3069bpr0251,3069b
P,31110pr0117,31110
P,28592pr0002,28592
P,3678bpr0035,3678b
P,3678bpr0074,3678b
P,87079pr0194,87079
P,87079pr0193,87079
P,3068bpr0318,3068b
B,3820,973c33h09
P,10183pr0001,10183
T,39381pat0001,39381
P,15427pr0255,15427
P,6180pr0004,6180
P,973c27h01pr0027,973c27h01
P,973c27h01pr0073,973c27h01
P,973c27h01pr0237,973c27h01
P,973c27h01pr1122,973c27h01
P,973c27h01pr1079,973c27h01
P,973c27h01pr0954,973c27h01
P,973c27h01pr0039,973c27h01
T,973c27h03,973c00
P,973c27h01pr1134,973c27h01
P,973c27h01pr1078,973c27h01
R,6248,3483
P,2291pr0002,2291
P,31333pr0002,31333
P,3069bpr0262,3069b
P,3626cpr2873,3626c
P,3008apr0032,3008a
P,3626cpr2096,3626c
P,3626cpr0021,3626c
P,973c34h12pr9684,973c34h12
P,973c24h01pr5074,973c24h01
M,3626bpr9988,3626cpr0752
M,3626cpr0499,3626bpr0499
P,973c28h01pr3018,973c28h01
P,973c28h01pr2522,973c28h01
P,973c03h03pr2899,973c03h03
P,973c03h03pr3520,973c03h03
P,15626pr0006,15626
P,3008apr0033,3008a
P,37829pr0002,37829
M,3002c,3002a
M,3001d,3001
P,973c03h03pr3030,973c03h03
P,973c03h03pr3032,973c03h03
P,973c03h03pr3033,973c03h03
P,973c03h03pr3034,973c03h03
P,973c03h03pr3089,973c03h03
P,973c03h03pr3350,973c03h03
P,973c03h03pr5050,973c03h03
P,973c03h03pr3359,973c03h03
P,973c03h03pr5161,973c03h03
A,973c03h03pr3359,973c03h03pr5161
P,973c03h03pr5043,973c03h03
P,973c03h03pr5003,973c03h03
P,973c03h03pr4874,973c03h03
P,973c03h03pr4831,973c03h03
P,973c03h03pr4437,973c03h03
P,973c03h03pr3547,973c03h03
P,973c03h03pr2653,973c03h03
P,973c03h03pr3468,973c03h03
P,973c03h03pr5198,973c03h03
P,973c03h03pr9763,973c03h03
P,973c03h03pr9758,973c03h03
P,4066pr0295,4066
P,973c03h03pr2258,973c03h03
P,973c03h03pr4035,973c03h03
P,973c03h03pr4578,973c03h03
P,973c03h03pr5173,973c03h03
P,973c03h03pr3575,973c03h03
B,737b,737bc01
P,973c03h03pr4673,973c03h03
P,973c03h03pr4175,973c03h03
P,973c03h03pr4285,973c03h03
P,973c03h03pr4258,973c03h03
P,973c03h03pr4512,973c03h03
P,973c03h03pr4782,973c03h03
P,973c03h03pr4034,973c03h03
P,973c03h03pr4627,973c03h03
P,973c03h03pr4649,973c03h03
P,973c03h03pr4666,973c03h03
P,973c03h03pr4405,973c03h03
P,973c03h03pr5292,973c03h03
P,973c03h03pr5218,973c03h03
P,973c03h03pr5202,973c03h03
P,973c03h03pr5039,973c03h03
P,973c03h03pr4326,973c03h03
P,973c12h12pr3889,973c12h12
P,3626cpr9790,3626c
P,973c01h03pr4971,973c01h03
B,753,737ac02
P,31110pr0034,31110
P,11197pr0001,11197
P,27323pr0134,27323
P,14769pr1132,14769
P,3626cpr2864,3626c
P,3626cpr2367,3626c
T,66960pat0003,66960
A,98138pr0083,98138pr0062
A,belfig0106,belfig0081
M,49130,55615
P,30144pr0059,30144
P,30144pr0056,30144
P,30144pr0070,30144
P,30144pr0139,30144
P,30144pr0084,30144
P,30144pr0314,30144
P,973c28h01pr4334,973c28h01
P,13788pr0002,13788
P,973c28h01pr5115,973c28h01
P,973c28h01pr4762,973c28h01
P,973c28h01pr4099,973c28h01
P,973c28h01pr4626,973c28h01
P,973c28h01pr5206,973c28h01
P,973c28h01pr4207,973c28h01
P,973c28h01pr3047,973c28h01
P,973c28h01pr3029,973c28h01
P,973c28h01pr0151,973c28h01
P,973c24h01pr3786,973c24h01
P,973c24h01pr4621,973c24h01
P,973c01h03pr0003,973c01h03
P,973c28h01pr0046,973c28h01
P,973c12h12pr2238,973c12h12
P,973c12h12pr2380,973c12h12
P,973c12h12pr1879,973c12h12
P,973c12h19pr2279,973c12h19
P,973c12h12pr2007,973c12h12
P,973c12h12pr2732,973c12h12
P,10169pr0001,10169
P,973c12h12pr2787,973c12h12
P,973c28h03pr2392,973c28h03
P,973c28h03pr0090,973c28h03
A,973c12h02pr0323,973c12h01pr0323
P,973c28h03pr0100,973c28h03
P,973c12h19pr2677,973c12h19
A,973c47h03pr3995,973c12h03pr3155
P,2300pr0001,2300
P,31333pr0001,31333
P,3622pr0019,3622
P,4740pr0012,4740
P,3068bpr0368,3068b
P,970c00pr1544,970c00
P,970c00pr1545,970c00
P,973c27h01pr9901,973c27h01
P,973c27h03pr3948,973c27h03
T,16709pat0010,16709
R,47455,48171
P,6867c01pr0005,6867c01
P,6867c01pr0001,6867c01
P,6867c01pr0002,6867c01
P,6867c01pr0003,6867c01
P,6867c01pr0004,6867c01
P,24093pr0022,24093
P,973c24h03pr5363,973c24h03
P,3068bpr9800,3068b
P,973c11h01pr4087,973c11h01
P,24782pr0016,24782
P,973c22h22pr5293,973c22h22
P,15875c01pr0015,15875
P,973c22h03pr5307,973c22h03
P,973c22h03pr5013,973c22h03
P,3068bpr9797,3068b
P,973c22h03pr5106,973c22h03
M,3626cpr0632,3626bpr0632
P,3068bpr9796,3068b
P,3626cpr0632,3626c
P,973c36h36pr4965,973c36h36
P,30144pr9998,30144
P,973c36h36pr4966,973c36h36
P,973c36h36pr4969,973c36h36
P,973c36h36pr4979,973c36h36
P,973c27h27pr4930,973c27h27
P,973c27h27pr5164,973c27h27
P,30144pr9997,30144
R,6845,6994
P,973c10h12pr5063,973c10h12
R,29632pr0009,29630pr0009
P,973c05h03pr5041,973c05h03
P,42918pr0001,42918
P,30144pr9996,30144
P,3069bpr0254,3069b
P,3626cpr3116,3626c
P,973c09h09pr5014,973c09h09
P,973c09h02pr5309,973c09h02
P,92453pr0003,92453
P,30144pr9995,30144
P,973c35h01pr5191,973c35h01
B,3819,973c33h09
B,3818,973c33h09
P,973c35h01pr5107,973c35h01
P,cardupn0030pr0002,cardupn0030
P,973c19h19pr4924,973c19h19
P,973c19h19pr5249,973c19h19
P,cardupn0030pr0004,cardupn0030
P,3626cpr2141,3626c
P,26603pr0019,26603
P,30367cpr0002,30367c
R,4870,4624
P,cardupn0030pr0014,cardupn0030
P,cardupn0030pr0007,cardupn0030
P,cardupn0030pr0009,cardupn0030
P,cardupn0030pr0010,cardupn0030
P,973c11h02pr5217,973c11h02
P,973c41h02pr5332,973c41h02
P,3024pr0014,3024
P,cardupn0030pr0017,cardupn0030
P,973c41h02pr5158,973c41h02
P,31111pr9992,31111
P,3070bpr0262,3070b
P,2302pr0008,2302
P,14769pr1133,14769
P,93273pr0013,93273
P,3010pr0006,3010
P,970c00pr1692,970c00
M,219a,219
P,6178pr0004,6178
P,87079pr0011,87079
P,87079pr0012,87079
P,14769pr0013,14769
P,3626cpr2869,3626c
P,12617pr0001,12617
P,3626cpr3117,3626c
P,3622pr0026,3622
P,3622pr0017,3622
R,65414,18947
P,973c27h01pr2830,973c27h01
P,973c27h01pr2812,973c27h01
P,973c27h01pr2777,973c27h01
P,973c27h01pr2693,973c27h01
P,973c27h01pr2743,973c27h01
P,973c27h01pr2680,973c27h01
P,973c27h01pr2574,973c27h01
P,973c27h01pr2502,973c27h01
P,973c27h01pr2390,973c27h01
P,973c27h01pr2372,973c27h01
P,973c27h01pr2229,973c27h01
P,973c27h01pr2233,973c27h01
P,973c27h01pr2249,973c27h01
P,973c27h01pr2204,973c27h01
P,973c27h01pr2200,973c27h01
P,973c27h01pr2155,973c27h01
P,973c27h01pr2074,973c27h01
P,973c27h01pr2111,973c27h01
P,973c27h01pr2117,973c27h01
P,973c27h03pr2962,973c27h03
P,973c28h01pr0016,973c28h01
P,3626cpr0003,3626c
P,cardupn0030pr0001,cardupn0030
P,973c28h01pr0012,973c28h01
P,18973pr0006,18973
P,973c28h01pr0003,973c28h01
P,3626cpr2091,3626c
P,24093pr0011,24093
P,973c28h01pr0049,973c28h01
R,29632pr0002,29630pr0002
P,cardupn0030pr0008,cardupn0030
R,29632pr0007,29630pr0007
P,973c28h01pr0092,973c28h01
P,973c28h01pr1457,973c28h01
P,cardupn0030pr0006,cardupn0030
A,973c28h01pr1457,973c05h01pr1321
P,3626cpr2532,3626c
P,973c28h01pr1472,973c28h01
P,970c00pr1481,970c00
P,1088pr0003,1088
P,3626cpr2239,3626c
P,973c28h01pr0002,973c28h01
P,31110pr0021,31110
P,3626cpr2537,3626c
P,970c00pr1483,970c00
B,65505b,65505
P,29988pr0007,29988
P,973c28h01pr1240,973c28h01
P,973c28h01pr1857,973c28h01
P,3626cpr2536,3626c
P,41671pr0006,41671
A,30367a,30367
P,970c00pr1482,970c00
A,973c28h01pr4207,973c28h01pr1857
P,3626cpr2540,3626c
P,3626cpr2543,3626c
P,3626cpr1747,3626c
P,1086pr0001,1086
P,4197pr0013,4197
P,973c28h01pr0001,973c28h01
P,973c28h01pr0162,973c28h01
P,973c28h01pr0069,973c28h01
P,1086pr0002,1086
P,24093pr0021,24093
P,4490pr0005,4490
P,973c28h01pr0023,973c28h01
P,973c28h01pr0030,973c28h01
P,3622pr0040,3622
P,3622pr0032,3622
P,30075pr0003,30075
P,970c00pr1489,970c00
P,973c28h01pr0019,973c28h01
P,1086pr0003,1086
P,1086pr0004,1086
P,1086pr0005,1086
P,1086pr0006,1086
P,1083pr0001,1083
P,1083pr0003,1083
P,1082pr0001,1082
P,1082pr0002,1082
P,1082pr0004,1082
P,1082pr0005,1082
P,1082pr0006,1082
P,1082pr0007,1082
P,1082pr0008,1082
P,1082pr0009,1082
P,1082pr0010,1082
P,1082pr0011,1082
P,1082pr0012,1082
P,1082pr0013,1082
P,1082pr0015,1082
P,1082pr0018,1082
P,3626cpr2547,3626c
P,3626cpr2538,3626c
P,3626cpr2539,3626c
P,3626cpr2544,3626c
P,3626cpr2548,3626c
P,3626cpr2549,3626c
P,3626cpr2550,3626c
P,1082pr0020,1082
P,1082pr0021,1082
P,1082pr0024,1082
P,1082pr0025,1082
P,1082pr0026,1082
P,1084pr0001,1084
P,1084pr0002,1084
P,1084pr0003,1084
P,1084pr0004,1084
P,1084pr0005,1084
P,3626cpr3297,3626c
P,3626cpr3292,3626c
P,1084pr0006,1084
P,1084pr0007,1084
P,1084pr0008,1084
P,1084pr0009,1084
P,3626cpr3299,3626c
P,1084pr0010,1084
P,1084pr0011,1084
P,973c28h01pr0008,973c28h01
P,1084pr0012,1084
P,1084pr0013,1084
P,1084pr0014,1084
P,1084pr0015,1084
P,3626cpr3138,3626c
P,970c00pr1684,970c00
P,3626cpr2859,3626c
P,970c00pr1688,970c00
P,3626cpr2860,3626c
P,973c28h01pr0032,973c28h01
P,973c28h01pr0005,973c28h01
P,1084pr0016,1084
P,62711pr0001,62711
P,1084pr0017,1084
P,3626cpr3139,3626c
P,3626cpr3140,3626c
P,1084pr0018,1084
P,1084pr0019,1084
P,3010pr0007,3010
P,973c28h01pr0294,973c28h01
P,973c28h01pr0044,973c28h01
P,3626cpr3166,3626c
P,973c28h01pr1183,973c28h01
P,973c28h01pr0265,973c28h01
P,973c28h01pr0096,973c28h01
P,973c28h01pr2501,973c28h01
P,973c28h01pr2825,973c28h01
P,cardupn0030pr0003,cardupn0030
P,cardupn0030pr0005,cardupn0030
P,cardupn0030pr0018,cardupn0030
P,15875c01pr0016,15875
P,973c27h01pr5051,973c27h01
B,753,737ac01
P,87079pr9981,87079
P,87079pr9982,87079
P,1083pr0002,1083
P,87079pr9983,87079
P,87079pr9984,87079
P,87079pr9985,87079
P,87079pr9986,87079
P,1082pr0003,1082
P,973c27h01pr5116,973c27h01
P,973c27h01pr5118,973c27h01
M,84943a,84943
P,60581pr0018,60581
P,4198pr9981,4198
P,1082pr0014,1082
P,1082pr0016,1082
P,1082pr0017,1082
P,3626cpr3137,3626c
P,3626cpr3141,3626c
P,3626cpr3134,3626c
P,3626cpr3149,3626c
P,1082pr0019,1082
P,3003pr0116,3003
P,1082pr0022,1082
P,29988pr0004,29988
P,3622pr0021,3622
P,3010pr0008,3010
P,3626cpr2605,3626c
R,29632pr0005,29630pr0005
P,3626cpr2541,3626c
P,3626cpr2542,3626c
P,3626cpr2545,3626c
P,3626cpr2546,3626c
P,970c00pr1487,970c00
P,970c00pr1488,970c00
P,1082pr0023,1082
P,3010apr0004,3010a
P,973c01h01pr4643,973c01h01
P,970c00pr1492,970c00
P,970c00pr1493,970c00
P,973c27h01pr2780,973c27h01
P,973c27h01pr2980,973c27h01
P,973c27h01pr2981,973c27h01
P,973c27h01pr2908,973c27h01
P,3069bpr0178,3069b
P,26603pr0006,26603
P,973c27h01pr5032,973c27h01
R,4890,4891
P,31110pr0027,31110
P,3011pr1007,3011
A,69984,64566
P,970c00pr9961,970c00
R,69188b,69188a
P,3626bpr0064,3626b
P,3626bpr9992,3626b
P,3626bpr0089,3626b
P,3626bpr0087,3626b
P,3626bpr0090,3626b
P,3626bpr0119,3626b
P,3626bpr0116,3626b
P,3626bpr0124,3626b
P,3626bpr0143,3626b
M,35394pr0003,3960pr9979
P,3626bpr0166,3626b
P,3626bpr0926,3626b
P,3626bpr1162,3626b
P,3626bpr1144,3626b
P,3626bpr0199,3626b
P,3960pr9979,3960
P,3626cpr0495,3626c
P,3626cpr0703,3626c
P,35394pr0045,35394
P,98138pr0142,98138
T,32570pat0001,32570
A,3626bpr0344,3626bpr0343
P,3626bpr0224,3626b
P,973c27h01pr3908,973c27h01
P,973pb0166,3814
P,973c28h01pr0039,973c28h01
P,973pb0244,3814
P,973pb0254,3814
P,3626bpr0019,3626b
P,3626bpr0234,3626b
P,87079pr0171,87079
A,973c28h01pr0026,973c28h01pr9745
P,87079pr0027,87079
P,973c03h01pr9682,973c03h01
B,4654,4653c02
M,clikupn0065a,clikupn0065b
P,cardupn0030pr0011,cardupn0030
P,1085pr0010,1085
P,cardupn0030pr0021,cardupn0030
P,cardupn0030pr0029,cardupn0030
P,cardupn0030pr0028,cardupn0030
P,75904pr0001,75904
P,26603pr0021,26603
P,93218pr0002,93218
P,3070bpr0018,3070b
P,15068pr0033,15068
P,cardupn0030pr0025,cardupn0030
P,6474pr9986,6474
P,cardupn0030pr0031,cardupn0030
P,24087pr0002,24087
P,cardupn0030pr0032,cardupn0030
P,cardupn0030pr0033,cardupn0030
P,cardupn0030pr0034,cardupn0030
P,3437pr0124,3437
P,3070bpr0019,3070b
P,cardupn0030pr0035,cardupn0030
P,87079pr0044,87079
P,cardupn0030pr0036,cardupn0030
P,3010apr0003,3010a
P,1021Apr0013,1021A
P,3626bpr0532,3626b
P,3626bpr0663,3626b
P,3626bpr0668,3626b
P,3626bpr0684,3626b
P,1021Apr0014,1021A
P,3626bpr0728,3626b
P,3626bpr0769,3626b
P,1021Apr0015,1021A
P,96714pr0001,96714
P,1021Apr0016,1021A
P,1021Apr0017,1021A
P,cardupn0030pr0037,cardupn0030
P,cardupn0030pr0038,cardupn0030
P,cardupn0030pr0039,cardupn0030
P,cardupn0030pr0040,cardupn0030
P,3623pr0024,3623
P,4490pr0012,4490
R,61483,4624
A,973c02h05pr2050,973c02h07pr2727
P,64991pr0001,64991
P,973pb0602,3814
P,973pb0064,3814
P,4490pr0010,4490
P,3622pr0035,3622
P,15875c01pr0018,15875
P,3626cpr2109,3626c
P,3069bpr0174,3069b
P,85984pr0010,85984
P,44661pr0002,44661
P,93553pr0002,93553
P,22385pr0024,22385
P,22385pr0025,22385
P,22385pr0026,22385
P,3626cpr2073,3626c
P,970c00pr1160,970c00
P,3626cpr2085,3626c
P,64991pr0005,64991
P,3626cpr2086,3626c
P,970c00pr1166,970c00
P,3626cpr2087,3626c
P,3626cpr2089,3626c
P,970c00pr9924,970c00
P,3626cpr2088,3626c
P,64991pr0004,64991
P,3626cpr2090,3626c
P,970c00pr1172,970c00
P,3626cpr2098,3626c
P,3626cpr2101,3626c
P,3626cpr2107,3626c
P,970c00pr1178,970c00
P,3626cpr2114,3626c
P,3626cpr2115,3626c
P,970c00pr1189,970c00
P,3626cpr2116,3626c
P,3626cpr2127,3626c
P,15875c01pr0010,15875
P,3626cpr2128,3626c
P,3626cpr2129,3626c
B,69188a,69188c01
P,16530c01pr0003,16530
P,26490c01pr0001,26490
P,3626cpr2154,3626c
P,26490c01pr0002,26490
P,3626cpr2142,3626c
P,3626cpr2143,3626c
P,970c00pr1206,970c00
P,76371pr0037,76371
P,76371pr0020,76371
P,3437pr0052,3437
P,970c00pr1161,970c00
P,26490c01pr0004,26490
P,973c26h01pr0392,973c26h01
P,2446pr0008,2446
P,2446pr0009,2446
P,2446pr0010,2446
P,2446pr0011,2446
P,3069bpr0188,3069b
P,3068bpr0331,3068b
P,98138pr0073,98138
P,32474pr1013,32474
M,35394pr0045,3960pr0008
P,15875c01pr0105,15875
P,15875c01pr0106,15875
P,3245cpr0006,3245c
P,15068pr0012,15068
P,14769pr1063,14769
B,98138pr0142,67222
P,11203pr0015,11203
P,43898pr1004,43898
P,970c00pr1156,970c00
P,973c27h01pr3700,973c27h01
P,57895pr0009,57895
P,11640pr0004,11640
P,98388pr0007,98388
P,3626cpr3145,3626c
P,3010apr0009,3010a
P,98138pr0067,98138
P,98138pr0068,98138
P,98138pr0006,98138
P,98138pr0040,98138
P,98138pr0041,98138
P,98138pr0042,98138
P,98138pr0043,98138
P,973c27h01pr4493,973c27h01
P,3626cpr2243,3626c
P,3626cpr2146,3626c
B,3070bpr0018,67211
P,973c27h01pr4283,973c27h01
P,3062bpr0008,3062b
P,3626cpr2145,3626c
P,16925c01pr0004,16925
P,3626cpr2165,3626c
P,973c27h01pr4199,973c27h01
P,32474pr0002,32474
P,63864pr0009,63864
P,6636pr0014,6636
P,3626cpr2138,3626c
P,970c00pr1205,970c00
P,3626cpr2150,3626c
P,3626cpr2160,3626c
P,3626cpr2162,3626c
P,970c00pr1223,970c00
P,3626cpr2166,3626c
P,973c27h01pr3732,973c27h01
P,973c27h01pr9852,973c27h01
P,970c00pr1209,970c00
P,3626cpr3153,3626c
P,3626cpr2170,3626c
P,3626cpr2171,3626c
P,970c00pr1229,970c00
P,3626cpr2172,3626c
P,973c27h01pr4111,973c27h01
R,15446,30171
P,3040bpr0001,3040b
P,3040bpr0002,3040b
P,98138pr0056,98138
P,14769pr1069,14769
P,3070bpr0169,3070b
P,cardupn0030pr0013,cardupn0030
P,3070bpr0170,3070b
P,3070bpr0172,3070b
P,3070bpr0173,3070b
P,14769pr0005,14769
P,98138pr0044,98138
R,15446,25976
P,3626cpr2157,3626c
P,98138pr0045,98138
P,3069bpr0001,3069b
P,3068bpr0315,3068b
P,93220pr0003,93220
P,4162pr0046,4162
P,4162pr0001,4162
P,3003pr0103,3003
P,4162pr0002,4162
P,3626cpr2147,3626c
P,970c00pr1208,970c00
P,3626cpr3146,3626c
P,3626cpr2156,3626c
P,3626cpr2182,3626c
T,973c29h29,973c00
P,3626cpr2097,3626c
P,970c00pr1175,970c00
P,3626cpr2095,3626c
P,14769pr0006,14769
P,3068bpr0019,3068b
P,2446pr0015,2446
P,15875c01pr0017,15875
P,3626cpr3312,3626c
P,973c27h01pr5078,973c27h01
P,3437pr0001,3437
P,3068bpr0020,3068b
P,16925c01pr0001,16925
P,973c27h01pr4828,973c27h01
P,973c27h01pr9956,973c27h01
P,973c27h01pr4181,973c27h01
T,47912pat0001,47912
P,87079pr0096,87079
P,87079pr0095,87079
P,87079pr0053,87079
P,87079pr0052,87079
P,87079pr0042,87079
P,87079pr0023,87079
P,87079pr0006,87079
P,98138pr0054,98138
P,3678bpr0057,3678b
P,3678bpr0004,3678b
P,18827pr0003,18827
P,3960pr0023,3960
P,3960pr0021,3960
P,3626cpr9994,3626c
P,3960pr0022,3960
P,3068bpr0314,3068b
P,76371pr0038,76371
P,76371pr0017,76371
P,973c27h01pr2180,973c27h01
P,3626cpr1915,3626c
P,3626cpr3136,3626c
P,3626cpr2062,3626c
P,973c01h01pr5114,973c01h01
P,973c01h01pr9741,973c01h01
P,26490c01pr0003,26490
P,3626cpr2100,3626c
P,16925c01pr0008,16925
P,973c01h01pr4642,973c01h01
P,973c01h01pr3220,973c01h01
P,973c01h01pr1438,973c01h01
P,3626cpr2060,3626c
P,973c01h01pr2181,973c01h01
P,10314pr0002,10314
P,3626cpr2144,3626c
P,3626cpr3135,3626c
P,3626cpr2061,3626c
P,973c01h01pr4770,973c01h01
P,3626cpr2149,3626c
P,970c00pr1212,970c00
P,3626cpr2176,3626c
P,98388pr0002,98388
P,3003pr0104,3003
P,3622pr0006,3622
P,3003pr0005,3003
P,3622pr0007,3622
P,3622pr0012,3622
P,3622pr0013,3622
P,3062bpr0009,3062b
P,3062bpr0010,3062b
P,3062bpr0011,3062b
P,3899pr0006,3899
P,23986pr0001,23986
R,30090,2446
P,14769pr1072,14769
P,3626bpr0002,3626b
P,3626bpr0003,3626b
P,3062bpr0012,3062b
P,85984pr0005,85984
P,87079pr0186,87079
P,15571pr0001,15571
P,3626cpr0002,3626c
P,98225pr0006,98225
P,3626cpr1995,3626c
R,17454,17457
P,973c27h01pr2815,973c27h01
P,973c27h01pr2036,973c27h01
P,973c27h03pr4240,973c27h03
P,3010apr0007,3010a
P,98603s02pr0022,98603
P,18922pr0001,18922
R,2447,6158
P,15625pr0007,15625
P,15627pr0012,15627
P,60581pr0002,60581
P,15627pr0011,15627
P,6636pr0013,6636
P,98374pr0003,98374
R,24226c01,24235c01
P,15068pr0008,15068
P,973c01h01pr4231,973c01h01
R,3623pr0011,3622pr0011
R,3622pr0011,3623pr0011
P,3010apr0005,3010a
P,3010apr0006,3010a
P,3010apr0001,3010a
P,3010pr0001,3010
P,22385pr0029,22385
P,98603s02pr0021,98603
P,98603s02pr0020,98603
P,22385pr0030,22385
P,22385pr0031,22385
P,22385pr0032,22385
P,15626pr0005,15626
R,24054,15626
P,14769pr0002,14769
P,3010apr0016,3010a
R,87079pr0050,87079pr0049
R,46103,45406
P,98138pr0076,98138
P,18675pr0010,18675
P,18675pr0009,18675
P,87606pr0003,87606
P,85984pr0007,85984
P,3626cpr2092,3626c
R,98089pat0003,98088pat0003
P,cardupn0030pr0015,cardupn0030
R,2694pr0001,2694pr0002
P,4066pr0260,4066
P,970c00pr1248,970c00
P,3010pr0009,3010
P,87079pr0124,87079
P,2431pr0093,2431
P,51591pr0001,51591
P,98138pr0071,98138
B,3070bpr0019,67211
P,19729pr0023,19729
B,65505c,65505
P,3004pr0019,3004
P,3069bpr0180,3069b
P,973c01h01pr4689,973c01h01
P,3626cpr3133,3626c
P,19729pr2183,19729
P,11203pr0014,11203
P,3626cpr2076,3626c
P,3626cpr2081,3626c
P,973c01h01pr9855,973c01h01
P,85984pr0008,85984
P,3626cpr2079,3626c
P,3626cpr2080,3626c
P,cardupn0030pr0020,cardupn0030
P,98138pr0060,98138
P,3010pr0010,3010
P,3010pr0011,3010
P,3010pr0012,3010
P,3004pr0025,3004
P,2431pr0094,2431
P,3010pr0013,3010
P,3010pr0014,3010
P,3069bpr0195,3069b
P,3070bpr0178,3070b
P,3069bpr0196,3069b
P,3245cpr0118,3245c
P,3010pr0017,3010
P,11477pr0002,11477
R,29632pr0006,29630pr0006
P,cardupn0030pr0023,cardupn0030
P,973c01h01pr0038,973c01h01
P,973c01h01pr2740,973c01h01
P,cardupn0030pr0024,cardupn0030
P,973c01h01pr1703,973c01h01
P,63864pr0016,63864
P,98165pr0010,98165
P,3068bpr0374,3068b
P,2291pr0004,2291
P,32474pr1005,32474
P,4066pr0151,4066
P,51725pr0001,51725
P,2454bpr0004,2454b
P,98835pr0019,98835
P,48125c05pr0001,48125c05
P,51725pr0007,51725
P,3623pr0023,3623
P,3622pr0038,3622
P,31213pr0001,31213
P,2302pr0002,2302
P,2302pr0001,2302
P,3010apr0008,3010a
A,34337,4624
P,98223pr9997,98223
P,3960pr0050,3960
P,3245cpr0122,3245c
P,3010pr0046,3010
P,90639pr0035,90639
P,16925c01pr0002,16925
P,3626cpr2673,3626c
P,973c01h01pr2203,973c01h01
R,789,787
P,92262pr0002,92262
P,3626cpr2682,3626c
P,970c00pr1577,970c00
P,3626cpr2706,3626c
P,3626cpr2709,3626c
P,3626cpr2708,3626c
P,973c01h01pr1480,973c01h01
P,cardupn0030pr0048,cardupn0030
R,38320,60592
P,973c28h01pr2886,973c28h01
P,16925c01pr0007,16925
P,3011pr0007,3011
P,11198pr0003,11198
P,98224pr0005,98224
P,16925c01pr0003,16925
P,2302pr0013,2302
P,11344pr0002,11344
P,6474pr0013,6474
P,3626cpr2684,3626c
P,970c00pr1565,970c00
P,3011pr1010,3011
P,11170pr0003,11170
P,31110pr0111,31110
P,31110pr0114,31110
P,4198pr0014,4198
P,4198pr0002,4198
P,4198pr0017,4198
P,2350dpr0001,2350d
P,4066pr0004,4066
P,31111pr9990,31111
P,14222pr0006,14222
P,31111pr9988,31111
M,4209b,4209
P,76371pr0003,76371
P,31213pr0004,31213
P,16925c01pr0101,16925
P,973c28h01pr0204,973c28h01
P,973c28h01pr9745,973c28h01
P,973c28h01pr0026,973c28h01
P,973c28h01pr1156,973c28h01
P,973c28h01pr4001,973c28h01
P,47423pr0003,47423
P,2301pr0001,2301
P,3011pr0010,3011
P,98223pr9999,98223
P,11170pr0001,11170
P,2431pr0130,2431
P,3069bpr0239,3069b
P,3068bpr0377,3068b
P,51547pr0007,51547
P,47423pr0004,47423
P,2431pr0131,2431
P,11477pr0007,11477
P,973c01h01pr0098,973c01h01
P,75084pr0002,75084
P,4066pr0015,4066
P,4066pr0016,4066
P,4066pr0018,4066
P,3011pr0003,3011
P,3626cpr3142,3626c
P,14222pr9998,14222
A,2292c04,2292c01
A,92937c01,92937c02
P,4066pr0019,4066
P,973c01h01pr0128,973c01h01
A,dupupn0016pr0002,dupupn0016pr0001
P,1085pr0001,1085
P,4066pr0023,4066
P,1085pr0002,1085
P,4908pr0001,4908
R,dupupn0021pr0001,4883c01
R,dupupn0021pr0001,2312c02
R,dupupn0021pr0001,11248c03
A,73572c01,73572c02
R,dupupn0026,4828
P,4066pr0034,4066
P,16925c01pr0102,16925
P,3664pr9996,3664
P,6474pr9976,6474
P,3437pr0013,3437
P,3011pr0006,3011
P,41970pr0006,41970
R,6418b,6416c01pr0001
R,6418b,6416c03pr0001
R,6418a,6416c01pr0001
P,31111pr9997,31111
P,31110pr0042,31110
P,75084pr0003,75084
A,dupupn0132,87684
P,6434pr0001,6434
A,2218c02,2218c01
P,16925c01pr0103,16925
A,2299c03pr0001,2299c02pr0001
P,4066pr0040,4066
P,3245cpr0173,3245c
P,973c01h01pr0034,973c01h01
P,cardupn0030pr0019,cardupn0030
P,16925c01pr0105,16925
P,16925c01pr0106,16925
P,16925c01pr0110,16925
P,16925c01pr0117,16925
P,87079pr0121,87079
P,88930pr0011,88930
P,2431pr0096,2431
P,3010pr0015,3010
P,3010pr0021,3010
P,11477pr0003,11477
P,3245cpr0129,3245c
P,14769pr1103,14769
P,973c01h01pr1826,973c01h01
P,3622pr0024,3622
P,3622pr0025,3622
P,3001pr1018,3001
P,3003pr0115,3003
P,21561pr0015,21561
P,3010pr0077,3010
P,4066pr0317,4066
P,76371pr0001,76371
P,47440c01pr0001,47440c01
P,3623pr0022,3623
P,3623pr0020,3623
P,3623pr0018,3623
P,3622pr0031,3622
P,3622pr0028,3622
P,3626cpr2667,3626c
P,3626cpr2668,3626c
P,cardupn0030pr0030,cardupn0030
P,973c28h01pr0112,973c28h01
P,3626cpr2672,3626c
P,cardupn0030pr0049,cardupn0030
P,cardupn0030pr0027,cardupn0030
P,98224pr0001,98224
P,3664pr0003,3664
P,11170pr0005,11170
P,98223pr0004,98223
P,10563pr0001,10563
P,27372pr0006,27372
P,31110pr0113,31110
P,31110pr0037,31110
P,4198pr0004,4198
P,4066pr0005,4066
P,4066pr0006,4066
P,3437pr0054,3437
P,31111pr9987,31111
P,88930pr0001,88930
P,6474pr9985,6474
P,3011pr0009,3011
P,60777pr0001,60777
P,2300pr0010,2300
P,3623pr0025,3623
P,15068pr0029,15068
P,3011pr0012,3011
P,3245cpr0144,3245
P,88930pr0015,88930
P,3626cpr1457,3626c
P,11602pr0003,11602
P,4066pr0095,4066
P,3626cpr2234,3626c
P,3626cpr2235,3626c
P,3626cpr2236,3626c
P,3437pr0008,3437
P,31110pr0011,31110
P,31110pr0031,31110
P,973c28h01pr2741,973c28h01
P,3010pr0045,3010
P,98138pr0093,98138
R,3982,2312c01
P,31035pr0001,31035
P,2431pr0132,2431
P,3070bpr0020,3070b
P,973c28h01pr0061,973c28h01
P,4066pr0013,4066
B,3070bpr0020,67211
P,2218c04pr0001,2218c04
P,43088pr0001,43088
P,cardupn0030pr0016,cardupn0030
P,4907pr0001,4907
P,4066pr0017,4066
P,6474pr9983,6474
P,3070bpr0021,3070b
A,50303,2625
P,3626cpr2106,3626c
P,15625pr0008,15625
R,dupupn0017,4883c01
P,4198pr9999,4198
P,51725pr0004,51725
P,51725pr0008,51725
P,14222pr0016,14222
P,14222pr0001,14222
P,2291pr0006,2291
A,2292c05,2292c01
P,2300pr0008,2300
A,13591,30088
P,31193pr0007,31193
P,1085pr0003,1085
R,4890pr0001,4891
A,4906pr0002,4906pr0001
P,4907pr0002,4907
P,1085pr0004,1085
P,30144pr9994,30144
A,2299c02pr0001,2299c01pr0001
P,4066pr0020,4066
P,4066pr0021,4066
A,61649,4253
A,4904,31041
P,4066pr0024,4066
P,1085pr0009,1085
P,4066pr0026,4066
R,dupupn0021pr0001,2312c01
R,dupupn0021pr0001,2312c03
R,dupupn0021pr0001,11248c01
P,4066pr0028,4066
P,4066pr0030,4066
A,73572c04,73572c02
P,4066pr0031,4066
P,4066pr0032,4066
R,58236pr0002,1406c01pr0001
P,4066pr0033,4066
P,4066pr0037,4066
R,38536,38535
A,4354c02,4354c01pr0001
P,85355pr0001,85355
P,85355pr0002,85355
P,973c01h01pr3816,973c01h01
P,47440c01pr0002,47440c01
P,88930pr0012,88930
P,3245cpr0120,3245c
P,28631pr0001,28631
P,3626cpr2133,3626c
P,19729pr0013,19729
P,19729pr0014,19729
P,970c00pr1249,970c00
P,973c01h01pr9673,973c01h01
P,973c01h01pr0005,973c01h01
P,973c28h01pr0027,973c28h01
P,970c00pr1255,970c00
P,20606pr0005,20606
P,30144pr0234,30144
P,3068bpr0323,3068b
P,30144pr0213,30144
P,970d34pr1261,970d00
T,56630pat0002,56630
P,87544pr0002,87544
P,3245cpr0005,3245c
B,58124c01,60656
B,58124c01,58118
P,3069bpr0177,3069b
P,970c00pr9824,970c00
P,3626cpr1902,3626c
P,15068pr0015,15068
P,970c00pr1155,970c00
P,30144pr0051,30144
P,22385pr0033,22385
R,upn0344,upn0343
M,4079b,4079
P,970c00pr1158,970c00
P,15068pr0013,15068
P,3622pr0022,3622
P,3622pr0036,3622
P,15875c01pr0158,15875
R,22393,22380
M,4079,4079b
P,75902pr0009,75902
P,3068bpr0295,3068b
P,99244pr0002,99244
M,12651,6478
P,11602pr0004,11602
P,3069bpr0191,3069b
P,3069bpr0187,3069b
P,3068bpr0312,3068b
P,3068bpr0302,3068b
P,3068bpr0289,3068b
P,26603pr0147,26603
P,3626cpr2112,3626c
P,21968pr0003,21968
P,21968pr0002,21968
P,970c00pr1154,970c00
P,970c00pr1157,970c00
P,22385pr0073,22385
P,3068bpr0305,3068b
P,970c00pr1169,970c00
P,970c00pr1247,970c00
R,18587,18588
P,3626cpr2083,3626c
P,98603s02pr0019,98603
P,22385pr0070,22385
P,22385pr0076,22385
P,3626cpr0014,3626c
P,3626cpr3147,3626c
R,56903,61254
P,3626cpr2132,3626c
P,22385pr0034,22385
P,22385pr0035,22385
P,22385pr0036,22385
P,22385pr0037,22385
P,30370pr0126,30370
P,21849pr0002,21849
P,3004pr0026,3004
P,2431pr0095,2431
P,3622pr0016,3622
P,3069bpr0194,3069b
P,87079pr0122,87079
P,3245cpr0119,3245c
P,3626cpr2075,3626c
P,3626cpr2084,3626c
P,cardupn0030pr0050,cardupn0030
P,3626cpr2263,3626c
P,3626cpr2264,3626c
P,3626cpr2265,3626c
P,3626cpr2266,3626c
P,3626cpr2268,3626c
P,3626cpr2269,3626c
P,3626cpr2270,3626c
P,3245cpr0177,3245c
P,3626cpr2281,3626c
P,6180pr0005,6180
P,970c00pr1292,970c00
P,973c01h01pr1698,973c01h01
P,30144pr0150,30144
P,30144pr0300,30144
P,cardupn0030pr0026,cardupn0030
P,3070bpr0180,3070b
P,3678bpr0060,3678b
P,24093pr0010,24093
P,3069bpr0199,3069b
P,95228pr0003,95228
P,3626cpr2111,3626c
P,970c00pr1188,970c00
P,3626bpr0508,3626b
P,3626cpr2184,3626c
P,14769pr0007,14769
P,93273pr0002,93273
P,16925c01pr0100,16925
P,57900pr0003,57900
P,30370pr0007,30370
P,22385pr0038,22385
P,970c00pr1225,970c00
P,970c00pr1226,970c00
P,3626cpr2199,3626c
P,3626cpr2200,3626c
R,48486,2446
P,15068pr0014,15068
P,4162pr0051,4162
P,3626cpr2134,3626c
P,14732pr0004,14732
T,51342pat0007,51342
P,3070bpr0167,3070b
P,3846pr0007,3846
R,48485,2446
P,3626cpr2240,3626c
P,11344pr0007,11344
P,93560pr0001,93560
P,3626cpr1874,3626c
P,18859pr0002,18859
P,25269pr0006,25269
P,98138pr0133,98138
P,3626cpr9995,3626c
P,22385pr0039,22385
P,22385pr0040,22385
P,22385pr0041,22385
P,32474pr1010,32474
P,32474pr1011,32474
P,3626cpr2066,3626c
P,22385pr0043,22385
P,2431pr0200,2431
P,3069bpr0200,3069b
P,88930pr0200,88930
P,3069bpr0201,3069b
P,87079pr0201,87079
P,87079pr0414,87079
P,3010pr0202,3010
P,2431pr0202,2431
P,3010pr0201,3010
P,3626cpr2164,3626c
P,970c00pr1227,970c00
P,3626cpr2201,3626c
P,3626cpr2202,3626c
P,3626cpr2203,3626c
P,3626cpr2204,3626c
P,3626cpr2205,3626c
P,3626cpr2206,3626c
P,3626cpr2207,3626c
P,3626cpr2208,3626c
P,3626cpr2209,3626c
P,3626cpr2210,3626c
P,3626cpr2211,3626c
P,3626cpr2212,3626c
P,3626cpr2213,3626c
P,3626cpr2214,3626c
P,3626cpr2215,3626c
P,3626cpr2216,3626c
P,970c00pr1259,970c00
P,970c00pr1260,970c00
P,3070bpr0193,3070b
P,970c00pr1268,970c00
P,970c00pr1266,970c00
P,3070bpr0194,3070b
P,25269pr0007,25269
P,30599pr0001,30599
P,3062bpr0014,3062b
P,32765pr0002,32765
P,98381pr0001,98381
P,3068bpr0361,3068b
T,93568pat0001pr0001,93568
P,93568pat0001pr0001,93568pat0001
P,33026pr0001,33026
P,3070bpr0179,3070b
P,54200pr0002,54200
P,3626cpr2195,3626c
P,3626cpr2196,3626c
P,970c00pr1245,970c00
P,3626cpr2197,3626c
P,30599pr0002,30599
P,30599pr0004,30599
P,30599pr0005,30599
P,30599pr0006,30599
P,970c00pr1246,970c00
P,973c01h01pr1204,973c01h01
P,973c01h01pr1722,973c01h01
P,973c01h01pr2822,973c01h01
P,973c27h01pr2032,973c27h01
P,87079pr0106,87079
P,87079pr0104,87079
P,87079pr0105,87079
P,87079pr0103,87079
R,65414,65413
P,30370pr0006,30370
P,30370pr0005,30370
P,3626cpr2152,3626c
P,3626cpr2153,3626c
P,970c00pr1217,970c00
P,973c01h01pr3810,973c01h01
B,3070bpr0021,67211
P,973c01h01pr3814,973c01h01
P,30144pr9993,30144
P,973c27h03pr1715,973c27h03
P,973c01h01pr1720,973c01h01
P,973c01h01pr3813,973c01h01
P,30144pr9992,30144
P,22385pr0044,22385
P,22385pr0045,22385
P,973c01h01pr2844,973c01h01
P,30144pr0194,30144
P,970d13pr9999,970d00
P,973c01h01pr0814,973c01h01
P,3626cpr9993,3626c
P,64798pr0120,64798
P,973c01h01pr2022,973c01h01
P,22385pr0046,22385
P,22385pr0047,22385
P,22385pr0048,22385
P,22385pr0049,22385
P,970d21pr1195,970d00
A,970d00,970c00
P,970c00pr9998,970c00
P,3626cpr2125,3626c
P,cardupn0030pr0022,cardupn0030
P,30361cpr1012,30361c
P,22385pr0050,22385
P,22385pr0051,22385
P,22385pr0052,22385
B,26750a,26750c01
P,3678bpr0058,3678b
P,30144pr9991,30144
P,3070bpr0175,3070b
P,3626cpr2102,3626c
P,76371pr0032,76371
P,76371pr0029,76371
P,76371pr0030,76371
R,65414,6589
P,970c00pr1228,970c00
P,970c00pr1230,970c00
P,973c01h01pr1003,973c01h01
A,973c01h01pr2022,973c01h01pr1003
P,3626cpr2180,3626c
P,970c00pr1235,970c00
A,973c01h01pr2181,973c01h01pr1703
P,99241pr0002,99241
P,22385pr0053,22385
P,22385pr0054,22385
P,22385pr0055,22385
R,14149,88323
R,14149,57518
P,22385pr0056,22385
P,22385pr0057,22385
P,22385pr0058,22385
P,22385pr0059,22385
P,22385pr0060,22385
P,22385pr0061,22385
P,22385pr0062,22385
P,22385pr0063,22385
P,22385pr0064,22385
P,22385pr0065,22385
P,22385pr0066,22385
P,22385pr0067,22385
P,22385pr0068,22385
P,22385pr0069,22385
P,22385pr0071,22385
P,22385pr0072,22385
P,87079pr0013,87079
R,30038,2447
A,973c27h01pr3941,973c27h01pr9956
P,3626cpr9990,3626c
P,3069bpr0205,3069b
P,2528pr0009,2528
P,3626cpr9989,3626c
P,6636pr0016,6636
P,6636pr0017,6636
P,4162pr0056,4162
P,2654pr0013,2654
P,3626cpr2139,3626c
P,3626cpr9992,3626c
P,92817c01pr0122,92817
P,3626cpr0412,3626c
P,3626cpr2113,3626c
P,16925c01pr0107,16925
P,3943bpr0002,3943b
P,24309pr0001,24309
P,24309pr0004,24309
P,24309pr0003,24309
P,30145pr0001,30145
P,87079pr0097,87079
P,87079pr0116,87079
P,15627pr0013,15627
P,3068bpr0328,3068b
R,30161,4625
P,973c36h01pr0005,973c36h01
P,30144pr9990,30144
P,3626cpr2314,3626c
P,3626cpr2353,3626c
P,973c27h03pr3264,973c27h03
P,4162pr9999,4162
P,973c27h03pr5237,973c27h03
P,973c27h03pr3548,973c27h03
P,973c27h03pr2964,973c27h03
P,3626cpr2248,3626c
P,970c00pr1273,970c00
P,3626cpr2194,3626c
P,3626cpr2287,3626c
P,3626cpr2289,3626c
P,30144pr9989,30144
M,64251,93575
P,2302pr0005,2302
P,21849pr0003,21849
P,28432pr0002,28432
P,28432pr0001,28432
P,85974pr0005,85974
P,2446pr0014,2446
P,10113pr0002,10113
P,10113pr0001,10113
P,3626cpr1945,3626c
P,3626cpr2251,3626c
P,970c00pr1278,970c00
P,3626cpr2290,3626c
P,11203pr0001,11203
P,3068bpr0018,3068b
P,3626cpr2253,3626c
P,3626cpr2254,3626c
P,12895pr0034,12895
P,3069bpr0198,3069b
P,3068bpr0342,3068b
P,24593pr0002,24593
P,75902pr0011,75902
P,970c00pr1289,970c00
P,45705pr0003,45705
P,3626cpr2300,3626c
P,970c00pr1319,970c00
P,3626cpr2301,3626c
P,973c27h03pr4259,973c27h03
P,970x023pr1297,970x023
P,3070bpr0176,3070b
P,22385pr0074,22385
P,28220pr0002,28220
P,28220pr0001,28220
P,970x140pr0952,970x140
P,970x141pr0950,970x141
P,973c27h03pr3287,973c27h03
P,3626cpr9988,3626c
P,30649pr0001,30649
P,973c27h03pr4223,973c27h03
P,90541pr0002,90541
P,6256pr1001,6256
P,11055pr0014,11055
P,2446pr0016,2446
P,90638pr0021,90638
P,970c00pr1279,970c00
P,3626cpr2242,3626c
P,970c00pr1306,970c00
P,3626cpr2247,3626c
P,3626cpr2272,3626c
P,970c00pr1310,970c00
P,30144pr0151,30144
P,30144pr0063,30144
P,30144pr0120,30144
P,3626cpr2222,3626c
P,3626cpr9987,3626c
P,15068pr9999,15068
P,3070bpr0022,3070b
P,3626cpr9986,3626c
P,3626cpr9985,3626c
B,65505d,65505
B,973pdd,973c05h01pr1163
P,3626cpr9984,3626c
P,970c00pr9997,970c00
P,970c00pr9996,970c00
P,3626cpr9983,3626c
P,21561pr0009,21561
P,3626cpr2306,3626c
P,3626cpr9982,3626c
P,970c00pr1180,970c00
P,970c00pr1203,970c00
P,3626cpr9981,3626c
P,3626cpr1868,3626c
P,3626cpr1910,3626c
P,970c00pr1048,970c00
P,3626cpr1911,3626c
P,3626cpr1912,3626c
P,3626cpr1913,3626c
P,3626cpr1914,3626c
P,970c00pr1049,970c00
P,4162pr9998,4162
P,973c27h03pr3828,973c27h03
P,973c27h03pr3701,973c27h03
P,3010pr0004,3010
P,50747pr9999,50747
P,3626cpr1163,3626c
P,3626cpr9980,3626c
P,93060pr0005,93060
P,3626cpr9979,3626c
P,18675pr0007,18675
P,973c27h03pr3485,973c27h03
P,970c00pr9993,970c00
B,65505f,65505
P,60581pr0003,60581
P,87079pr0119,87079
P,87079pr0120,87079
P,93587pr0009,93587
P,93591pr0021,93591
P,60581pr0001,60581
P,87079pr0117,87079
P,87079pr0118,87079
P,93587pr0010,93587
P,93273pr0009,93273
P,93273pr0010,93273
P,3004pr0024,3004
P,3678bpr0059,3678b
P,60581pr0004,60581
P,30261pr0002,30261
P,2431pr0092,2431
P,93273pr0011,93273
P,93273pr0012,93273
P,26603pr0003,26603
P,60581pr0005,60581
P,2431pr0098,2431
P,2431pr0099,2431
P,87079pr0123,87079
P,93587pr0011,93587
P,87079pr0125,87079
P,87079pr0127,87079
P,87079pr0128,87079
P,87079pr0129,87079
P,93587pr0012,93587
P,93591pr0023,93591
P,3068bpr0333,3068b
P,60581pr0006,60581
P,30925pr0003,30925
P,87079pr0133,87079
P,93587pr0014,93587
P,15625pr0010,15625
P,30925pr0006,30925
P,87079pr0131,87079
P,87079pr0132,87079
P,93587pr0015,93587
P,93591pr0013,93591
P,87079pr0134,87079
P,15627pr0015,15627
P,2431pr0100,2431
P,87079pr0130,87079
P,93273pr0005,93273
P,3009pr0012,3009
P,3068bpr0341,3068b
P,3010pr0018,3010
P,10202pr0002,10202
P,10202pr0003,10202
P,30925pr0005,30925
P,87079pr0087,87079
P,87079pr0086,87079
P,93587pr0016,93587
P,93591pr0024,93591
P,30261pr0003,30261
P,87079pr0092,87079
P,93587pr0017,93587
P,15625pr0011,15625
P,30841pr0008,30841
P,30841pr0010,30841
P,30841pr0012,30841
P,30841pr0011,30841
P,30841pr0009,30841
P,30841pr0001,30841
P,3037pr0002,3037
P,3626cpr2224,3626c
P,973c27h03pr3443,973c27h03
P,973c27h03pr3286,973c27h03
P,973c27h03pr3291,973c27h03
P,973c27h03pr2795,973c27h03
P,973c27h03pr2772,973c27h03
P,973c27h03pr2767,973c27h03
P,973c27h03pr2681,973c27h03
P,973c27h03pr2698,973c27h03
P,973c27h03pr2699,973c27h03
A,973c27h03pr2698,973c27h03pr2699
P,973c27h03pr2577,973c27h03
P,973c27h03pr2384,973c27h03
P,973c27h03pr2306,973c27h03
P,973c27h03pr2309,973c27h03
P,15068pr0010,15068
P,2654pr0012,2654
P,3003pr0107,3003
P,3069bpr0197,3069b
P,14769pr1074,14769
P,3068bpr0313,3068b
P,3068bpr0311,3068b
P,14769pr1064,14769
P,3068bpr0339,3068b
P,3068bpr0337,3068b
P,3068bpr0327,3068b
P,3068bpr0326,3068b
P,3068bpr0319,3068b
P,2446pr0006,2446
P,2446pr0007,2446
P,973c27h03pr4072,973c27h03
P,3678bpr0007,3678b
P,2528pr0010,2528
P,973c27h03pr3009,973c27h03
P,3626cpr2189,3626c
P,970c00pr1240,970c00
P,3626cpr2190,3626c
P,4162pr9997,4162
P,3626cpr2191,3626c
P,90638pr0020,90638
P,21561pr0033,21561
P,98138pr0077,98138
P,87079pr0231,87079
M,777pr0008,776pr0008
P,35700pr0005,35700
P,3626cpr2238,3626c
P,3626cpr2237,3626c
P,3626cpr2228,3626c
P,3626cpr2229,3626c
P,3068bpr0332,3068b
P,3626cpr2193,3626c
P,970c00pr1262,970c00
T,973c36h36,973c00
B,3070bpr0022,67211
B,65505e,65505
P,3622pr0037,3622
T,27062pat0002,27062
P,20381c01pr0111,20381
P,20381c01pr0119,20381
P,57895pr0013,57895
P,3068bpr0336,3068b
P,15875c01pr0118,15875
P,970c00pr1326,970c00
P,3626cpr2322,3626c
M,61054,50898
M,89651,50898
T,759528c02,759528c00
M,62386,32475
P,3024pr0011,3024
P,3024pr0012,3024
P,16925c01pr0115,16925
P,26079pr0001,26079
R,30254,71610
P,30367cpr1011,30367c
P,30361cpr1011,30361c
P,3001pr1005,3001
P,93606pr0003,93606
P,3069bpr0206,3069b
P,973c27h03pr4217,973c27h03
P,15875c01pr0114,15875
P,15627pr0014,15627
P,14769pr1075,14769
P,3626cpr2255,3626c
P,973c27h03pr2316,973c27h03
P,2431pr0102,2431
P,45677pr0005,45677
P,26603pr0004,26603
P,26603pr0005,26603
P,11203pr0002,11203
P,3626cpr9956,3626c
P,16925c01pr0108,16925
P,16925c01pr0109,16925
T,973c28h08,973c00
P,16925c01pr0111,16925
P,16925c01pr0113,16925
P,16925c01pr0112,16925
P,16925c01pr0116,16925
P,3626cpr2373,3626c
P,973c08h27pr0270,973c08h27
P,3068bpr0344,3068b
P,973c14h14pr4019,973c14h14
P,3626cpr2267,3626c
P,973c27h03pr2004,973c27h03
P,14769pr1080,14769
P,22385pr0092,22385
T,45493pat0001,45493
R,45493,clikupn0001pr0001
R,45493,clikupn0001pr0006
P,18922pr0002,18922
P,28631pr0002,28631
P,28631pr0003,28631
P,776pr0001,776
P,3437pr0061,3437
P,970c00pr1251,970c00
P,3626cpr2223,3626c
P,98138pr0061,98138
P,3626cpr2262,3626c
P,970c00pr1291,970c00
P,3626cpr2283,3626c
P,970c00pr1305,970c00
T,973c28h22,973c00
P,973c22h22pr3021,973c22h22
P,14769pr1081,14769
P,22385pr0095,22385
P,3626cpr2286,3626c
P,3626cpr2288,3626c
P,3626cpr2291,3626c
P,970c00pr1318,970c00
P,973c22h03pr3162,973c22h03
P,973c22h03pr2955,973c22h03
P,3070bpr0181,3070b
P,87621pr0002,87621
P,973c34h34pr3022,973c34h34
P,973c27h27pr3019,973c27h27
P,973c28h28pr3023,973c28h28
P,973c01h01pr4785,973c01h01
A,973c03h03pr9828,973c03h03pr0052
P,973c03h03pr9828,973c03h03
P,87079pr0142,87079
P,3068bpr0338,3068b
P,17485pr0003,17485
P,22385pr0096,22385
P,22385pr0097,22385
P,3678bpr0062,3678b
P,22385pr0091,22385
P,32627pr0001,32627
P,22385pr0075,22385
P,22385pr0077,22385
P,22385pr0078,22385
P,22385pr0079,22385
P,22385pr0080,22385
P,22385pr0081,22385
P,22385pr0082,22385
P,22385pr0083,22385
P,3010pr9996,3010
P,87079pr9998,87079
P,3010pr9997,3010
P,3626cpr2258,3626c
P,970c00pr1285,970c00
P,3626cpr2382,3626c
P,3068bpr0335,3068b
P,2431pr0083,2431
P,2431pr0101,2431
T,28587pat0004,28587
T,28587pat0003,28587
T,28587pat0002,28587
T,28587pat0001,28587
P,31213pr0013,31213
P,31213pr0014,31213
P,31213pr0015,31213
P,10314pr0001,10314
P,22385pr0084,22385
P,6474pr0005,6474
A,75115pr0024a,75115pr0024
T,23989pat0005,23989
P,973c27h03pr5216,973c27h03
P,24179pr0001,24179
P,1085pr0005,1085
P,3299pr0001,3299
P,87079pr0140,87079
P,87079pr0141,87079
P,93591pr0025,93591
P,87079pr0137,87079
P,87079pr0138,87079
P,30838pr0005,30838
P,3069bpr0193,3069b
P,14769pr1077,14769
P,3005pr0014,3005
P,14769pr1076,14769
P,30367cpr1013,30367c
P,75902pr0010,75902
P,3626cpr2315,3626c
P,3626cpr2316,3626c
P,3626cpr2317,3626c
P,3626cpr2321,3626c
P,970c00pr1358,970c00
P,3626cpr2354,3626c
P,973c27h03pr3580,973c27h03
P,973c27h03pr2965,973c27h03
P,11818pr0118,11818
P,3626cpr9888,3626c
P,970c00pr1314,970c00
P,3626cpr9977,3626c
P,3626cpr9967,3626c
P,98220pr0004,98220
P,3626cpr0020,3626c
P,98220pr0006,98220
P,3626cpr0022,3626c
T,27328pat0002,27328
T,27328pat0001,27328
P,98220pr0005,98220
T,51342pat0014,51342
P,3626cpr2318,3626c
P,3626cpr2319,3626c
P,3626cpr2368,3626c
P,970c00pr1367,970c00
P,970c00pr1380,970c00
P,3626cpr2384,3626c
P,973c27h01pr4203,973c27h01
P,30144pr0143,30144
P,3068bpr0345,3068b
P,3626cpr2369,3626c
P,970c00pr1370,970c00
P,3626cpr2383,3626c
P,4162pr9996,4162
P,3626cpr2385,3626c
P,3068bpr9941,3068b
P,30599pr0007,30599
P,970c00pr1373,970c00
P,3626cpr2386,3626c
P,3626cpr2390,3626c
P,75902pr0003,75902
P,93560pr0002,93560
R,722,721
P,3626cpr2285,3626c
P,3626cpr2370,3626c
P,3626cpr2280,3626c
P,3626cpr2352,3626c
P,970c00pr1355,970c00
P,3626cpr2396,3626c
P,98388pr0009,98388
P,18675pr0011,18675
P,60581pr0007,60581
P,3626cpr2232,3626c
P,970c00pr1263,970c00
P,3626cpr2233,3626c
P,970c00pr1264,970c00
P,1085pr0006,1085
P,3626cpr9971,3626c
R,3135,3136
P,3626cpr2375,3626c
P,3626cpr2376,3626c
P,970c00pr1376,970c00
P,970c00pr1395,970c00
P,1085pr0007,1085
P,970c00pr1388,970c00
P,1085pr0008,1085
P,3626cpr2393,3626c
P,970c00pr1386,970c00
P,973c01h01pr0360,973c01h01
P,973c01h01pr2006,973c01h01
P,18675pr0014,18675
P,20953pr0002,20953
P,58181pr0003,58181
P,970c00pr1384,970c00
P,3626cpr2388,3626c
P,970c00pr1385,970c00
P,3626cpr2389,3626c
P,3626cpr2391,3626c
P,3626cpr2392,3626c
P,973c01h01pr1759,973c01h01
P,30370pr0009,30370
P,18675pr0013,18675
P,47543pr0003,47543
P,41759pr0007,41759
P,3626cpr2398,3626c
P,970c00pr1394,970c00
P,973c01h01pr1449,973c01h01
P,973c01h01pr2183,973c01h01
P,11203pr0004,11203
P,3626cpr2379,3626c
P,970c00pr1379,970c00
A,973c01h01pr1758,973c01h01pr2183
P,3626cpr2397,3626c
P,970c00pr1390,970c00
P,41759pr0008,41759
P,973c01h01pr0053,973c01h01
P,973c03h03pr9874,973c03h03
P,30144pr0153,30144
P,973c28h01pr9853,973c28h01
P,973c28h01pr4794,973c28h01
A,49294,44772
P,3069bpr0307,3069b
P,3626cpr2399,3626c
P,973c28h01pr1363,973c28h01
P,973c28h01pr0118,973c28h01
P,3069bpr0207,3069b
P,12895pr0003,12895
P,3068bpr0290,3068b
P,973c28h01pr1460,973c28h01
P,973c28h01pr0017,973c28h01
P,3626cpr2227,3626c
P,973c28h01pr4511,973c28h01
P,15068pr0022,15068
P,15068pr0021,15068
P,973c28h01pr2538,973c28h01
P,3001pr1020,3001
P,12891pr0002,12891
P,3626cpr2034,3626c
P,3626cpr2043,3626c
P,973c01h03pr2847,973c01h03
P,3626cpr2394,3626c
P,970c00pr1389,970c00
P,30144pr9028,30144
P,41879bpr0012,41879b
P,3001pr1015,3001
P,14769pr1104,14769
P,3626cpr2597,3626c
P,14769pr1082,14769
P,3068bpr0340,3068b
P,3626cpr2298,3626c
P,970c00pr1317,970c00
P,98102pr0001,98102
P,87079pr0146,87079
P,87079pr0135,87079
P,26603pr0011,26603
P,3068bpr0347,3068b
P,3070bpr0168,3070b
P,57895pr0014,57895
P,60601pr0002,60601
P,60601pr0003,60601
R,34337,3641
R,34337,3139
R,34337,59895
R,34337,4084
R,34337,87414
P,30839pr0001,30839
P,30839pr0004,30839
P,3626cpr2330,3626c
P,970c00pr1334,970c00
P,3626cpr2331,3626c
P,970c00pr1335,970c00
P,3626cpr2332,3626c
P,970c00pr1336,970c00
P,3626cpr2333,3626c
P,970c00pr1337,970c00
P,3626cpr2334,3626c
P,970c00pr1338,970c00
P,3626cpr2343,3626c
P,970c00pr1347,970c00
P,3626cpr2336,3626c
P,3626cpr2349,3626c
P,3626cpr2346,3626c
P,3626cpr2350,3626c
P,3626cpr2347,3626c
P,3626cpr2351,3626c
A,49294,15038
P,970c00pr1350,970c00
P,3626cpr2335,3626c
P,970c00pr1339,970c00
P,970c00pr1344,970c00
P,3626cpr2341,3626c
P,970c00pr1343,970c00
P,3626cpr2344,3626c
P,970c00pr1345,970c00
P,970c00pr1348,970c00
P,3626cpr2338,3626c
P,3626cpr2342,3626c
P,970c00pr1346,970c00
P,3626cpr2345,3626c
P,970c00pr1349,970c00
P,3626cpr2328,3626c
P,970c00pr1332,970c00
P,3626cpr2329,3626c
P,970c00pr1333,970c00
P,30372pr0003,30372
P,10312pr0006,10312
P,19212pr0001,19212
P,3069bpr9998,3069b
P,98138pr0079,98138
P,30839pr0002,30839
P,3069bpr0176,3069b
P,973c27h03pr2265,973c27h03
P,973c27h03pr2223,973c27h03
P,973c27h03pr2008,973c27h03
P,973c27h03pr2014,973c27h03
P,973c27h03pr2097,973c27h03
P,973c27h03pr2160,973c27h03
P,973c27h03pr1986,973c27h03
P,973c27h03pr1762,973c27h03
P,973c27h03pr1748,973c27h03
P,973c27h03pr1746,973c27h03
P,973c27h03pr1729,973c27h03
P,973c27h03pr1568,973c27h03
P,973c27h03pr1603,973c27h03
P,973c27h03pr1610,973c27h03
P,973c27h03pr1501,973c27h03
P,973c27h03pr1403,973c27h03
P,973c27h03pr1389,973c27h03
P,973c27h03pr1362,973c27h03
P,20398pr0002,20398
P,3068bpr0343,3068b
P,24087pr0001,24087
P,26603pr0009,26603
P,75902pr0012,75902
P,3626cpr2307,3626c
P,3626cpr2308,3626c
P,970c00pr1323,970c00
P,970c00pr1324,970c00
P,973c01h01pr9702,973c01h01
P,973c01h01pr2024,973c01h01
P,3960pr0026,3960
P,20952pr0048,20952
P,88930pr0013,88930
P,18675pr0012,18675
P,29096pr0001,29096
A,3010apr0008,3010apr0003
M,3010apr0003,3010apr0009
A,85080,3063b
R,45493,clikupn0001pr0003
P,98138pr0066,98138
P,98138pr9998,98138
P,15068pr0019,15068
P,2431pr0425,2431
P,2431pr0424,2431
P,4162pr0147,4162
P,4162pr0148,4162
P,4162pr0149,4162
P,4162pr0150,4162
P,4162pr0151,4162
P,4162pr0142,4162
P,4162pr0143,4162
P,4162pr0144,4162
P,4162pr0145,4162
P,4162pr0146,4162
P,30165pr0001,30165
P,776pr0003,776
P,2431pr0006,2431
P,14769pr0015,14769
P,13336pr0003,13336
P,3004pr0034,3004
P,24093pr0014,24093
P,3068bpr0369,3068b
P,973c01h01pr2546,973c01h01
P,973c01h01pr1758,973c01h01
P,26603pr0010,26603
P,4198pr9982,4198
P,41970pr0014,41970
P,47440c01pr0003,47440c01
P,3623pr0021,3623
P,3622pr0030,3622
P,4066pr0073,4066
P,31111pr9989,31111
P,98138pr0096,98138
P,98224pr0004,98224
P,11344pr0010,11344
P,3437pr9991,3437
P,3437pr0053,3437
P,4066pr0007,4066
P,4066pr0008,4066
P,2300pr0011,2300
P,2291pr0003,2291
P,4066pr0010,4066
P,51547pr0008,51547
P,2431pr0128,2431
P,3664pr0002,3664
P,3664pr0004,3664
P,31110pr0012,31110
P,31110pr0032,31110
P,3004pr0040,3004
R,3982,2312c02
P,3069bpr0244,3069b
P,31111pr9999,31111
P,42025pr9998,42025
P,3664pr9995,3664
R,dupupn0017,4883c02
P,51725pr0003,51725
P,51725pr0006,51725
P,14222pr0017,14222
A,2292c03,2292c01
P,2300pr0002,2300
P,31193pr0008,31193
P,4890pr0001,4890
P,1021Apr0018,1021A
A,4009pr0002,4009pr0001
A,61649,2332
P,4066pr0022,4066
P,4066pr0025,4066
R,dupupn0021pr0001,4883c02
R,dupupn0021pr0001,11248c02
P,4066pr0027,4066
P,3626cpr9974,3626c
P,4066pr0029,4066
P,3626cpr9846,3626c
P,1021Apr0027,1021A
P,4066pr0231,4066
A,73572c03,73572c02
P,4066pr0036,4066
P,3626bpr0485,3626b
P,31213pr0008,31213
P,4066pr0038,4066
P,31111pr9998,31111
P,3011pr0016,3011
P,41970pr0004,41970
P,3626cpr9955,3626c
P,42025pr9997,42025
A,6418b,6418a
R,6418a,6416c03pr0001
P,47423pr0005,47423
P,3437pr0007,3437
P,6474pr9975,6474
P,75084pr0001,75084
P,4066pr0039,4066
A,2218c05pr0002,2218c05pr0001
P,25269pr0008,25269
R,45493,clikupn0001pr0005
A,2299c03pr0001,2299c01pr0001
A,6465c01,6465c02
R,6470,6461
P,4066pr0041,4066
A,6462c01,6462
A,6483pr0002,6483pr0001
P,dupupn0018pr0001,dupupn0018
P,3010pr0047,3010
P,3010pr0050,3010
P,19729pr0020,19729
P,19729pr0015,19729
P,87079pr0102,87079
P,3070bpr0187,3070b
P,3068bpr0379,3068b
P,3068bpr0380,3068b
P,3010pr0051,3010
P,3068bpr0381,3068b
A,4916pr0002,4916pr0001
P,6505c01pr0002,6505c01
P,4066pr0042,4066
A,dupupn0013c01pr0001,dupupn0013c02pr0001
A,2218c03,2218c01
A,2218c03,2218c02
A,2218c03,2218c04
P,973c27h03pr1812,973c27h03
A,dupupn0013c03pr0001,dupupn0013c01pr0001
P,2210pr0001,2210
P,2218c03pr0001,2218c03
P,3070bpr0023,3070b
P,74201c01pr0001,74201c01
P,4066pr0043,4066
P,1085pr0011,1085
P,4066pr0044,4066
P,4066pr0045,4066
B,3070bpr0024,67211
R,15446,2446
P,14769pr1113,14769
P,3010pr0048,3010
P,3010pr0049,3010
P,3069bpr0243,3069b
P,63864pr0019,63864
P,87079pr0169,87079
P,3626cpr2686,3626c
P,3626cpr2689,3626c
B,973pas,973c27h27pr1434
P,3960pr9996,3960
P,27507pr0002,27507
P,3070bpr0025,3070b
P,26603pr0016,26603
P,3626cpr2718,3626c
P,970c00pr1585,970c00
P,3626cpr2719,3626c
R,41805,93560
P,3626cpr2712,3626c
P,3626cpr2713,3626c
P,3626cpr2714,3626c
P,970c00pr1586,970c00
P,973c01h01pr2977,973c01h01
A,4555c05pr0004,4555c05pr0001
P,3068bpr0383,3068b
P,973c01h01pr3222,973c01h01
R,87079pr0117,87079pr0118
P,3069bpr0223,3069b
P,32474pr1016,32474
A,4419c02,4419c01
P,3437pr0009,3437
P,3437pr9996,3437
P,3437pr0019,3437
P,3437pr9998,3437
P,75721pr0001,75721
P,45896pr0006,45896
P,45896pr0005,45896
P,45896pr0004,45896
P,45896pr0003,45896
P,45896pr0009,45896
P,45896pr0002,45896
R,31321,31320c01
A,75115pr0025,75115pr0009
P,31111pr9996,31111
P,973c27h03pr1359,973c27h03
A,4555c02pr0007,4555c02pr0048
P,3069bpr0224,3069b
P,30367cpr0005,30367c
P,30367cpr1016,30367c
P,3626cpr2606,3626c
P,973c22h22pr3448,973c22h22
P,3069bpr0232,3069b
P,973c27h03pr0520,973c27h03
A,31507c01,31300c03
P,3626cpr2641,3626c
P,3626cpr2642,3626c
P,3626cpr2643,3626c
P,3626cpr2644,3626c
P,3626cpr2645,3626c
P,3626cpr2646,3626c
P,3626cpr2647,3626c
P,3626cpr2648,3626c
P,3626cpr2649,3626c
P,3626cpr2650,3626c
P,3626cpr2651,3626c
P,3626cpr2652,3626c
P,3626cpr2653,3626c
P,3626cpr2654,3626c
P,3626cpr2655,3626c
P,3626cpr2656,3626c
P,3626cpr2657,3626c
P,3626cpr2658,3626c
P,3626cpr2659,3626c
P,3626cpr2660,3626c
P,3626cpr2661,3626c
P,970c00pr1547,970c00
P,970c00pr1548,970c00
P,65196pr0003,65196
P,65474pr0002,65474
P,973c01h01pr4925,973c01h01
P,1085pr0012,1085
P,973c01h01pr5137,973c01h01
A,4555c02pr0008,4555c02pr0046
P,973c01h01pr5299,973c01h01
P,973c01h01pr4690,973c01h01
P,973c01h01pr5080,973c01h01
P,973c01h01pr2327,973c01h01
P,973c01h01pr1547,973c01h01
P,973c27h03pr1586,973c27h03
P,973c01h01pr0806,973c01h01
P,973c01h01pr2852,973c01h01
P,973c01h01pr2419,973c01h01
P,973c01h01pr9955,973c01h01
A,4555c03pr0021,4555c03pr0016
P,973c27h03pr0003,973c27h03
P,98138pr0094,98138
P,98138pr0095,98138
P,92081pr0227,92081
P,24093pr0017,24093
P,26603pr0017,26603
P,89801pr1003,89801
P,970c00pr9892,970c00
P,3069bpr0237,3069b
P,36036pr0008,36036
P,90508pr0002,90508
P,36036pr0007,36036
P,92084pr0005,92084
P,36036pr0009,36036
P,4066pr0046,4066
P,4066pr0047,4066
P,4066pr0048,4066
P,970c00pr9888,970c00
P,970c00pr1781,970c00
P,970c00pr1918,970c00
P,98138pr0097,98138
P,3626cpr2674,3626c
P,970c00pr1563,970c00
P,973c01h01pr2823,973c01h01
P,973c27h01pr2231,973c27h01
P,970c00pr1543,970c00
P,970c00pr1542,970c00
P,3626cpr2640,3626c
P,973c01h01pr0083,973c01h01
P,973c03h03pr1898,973c03h03
P,1085pr0013,1085
P,3960pr0042,3960
P,65196pr0006,65196
B,3070bpr0023,67211
P,2218c04pr0002,2218c04
P,4066pr0049,4066
P,41879apr0005,41879a
P,41879apr0016,41879a
P,37364pr0008,37364
P,37364pr0005,37364
P,37364pr0004,37364
P,39381pr0001,39381
R,31226pr0001,31228
R,31230,31229pr0001
P,4066pr0050,4066
P,4066pr0051,4066
A,31226pr0002,31226pr0001
P,4066pr0052,4066
P,4066pr0053,4066
P,1021Apr0185,1021A
P,4066pr0054,4066
P,3626cpr2246,3626c
P,dupupn0021pr0001,dupupn0021
P,dupupn0017pr0001,dupupn0017
P,dupupn0017pr0002,dupupn0017
P,1043Apr0026,1043A
P,dupupn0017pr0003,dupupn0017
P,1043Apr0028,1043A
P,4066pr0055,4066
P,4066pr0056,4066
P,3626cpr1768,3626c
P,4066pr0057,4066
P,3626cpr1242,3626c
P,3626cpr9887,3626c
P,4066pr0058,4066
P,2302pr0004,2302
P,62681pr0001,62681
R,2289,2288
R,37842,37841
R,4807,4800
A,5334c01pr0002,5334c01pr0001
A,5334c01pr0003,5334c01pr0001
A,5334c01pr0003,5334c01pr0002
P,4066pr0059,4066
P,4066pr0060,4066
P,4066pr0061,4066
R,40934pr0002,65428pr0001
A,4853c02,4853c01
P,4066pr0062,4066
R,4808,4800
P,31202c03pr0002,31202c03
P,31202c03pr0001,31202c03
P,6474pr9974,6474
P,6474pr9973,6474
P,51547pr0006,51547
R,45493,clikupn0001pr0007
R,45493,clikupn0001pr0011
P,51547pr0012,51547
P,973c28h01pr0025,973c28h01
P,3070bpr0024,3070b
P,92453pr0001,92453
P,92453pr0002,92453
P,4544pr0001,4544
P,4544pr0002,4544
A,92453pr0002,4544pr0002
P,4544pr0003,4544
P,4544pr0004,4544
P,6407pr0001,6407
P,973c27h03pr1311,973c27h03
P,51547pr0013,51547
P,51547pr0014,51547
P,31110pr0043,31110
P,973c27h03pr1310,973c27h03
P,4066pr0270,4066
P,4066pr0273,4066
P,18857pr0002,18857
P,18857pr0001,18857
P,18857pr0003,18857
P,4066pr0275,4066
P,4066pr0274,4066
P,4066pr0276,4066
P,89398pr0001,89398
P,3437pr0024,3437
P,3437pr0018,3437
P,3437pr0027,3437
P,11170pr0002,11170
P,4066pr0098,4066
P,14769pr9998,14769
P,92002pr0001,92002
A,42274pr0002,42274pr0001
P,1043Apr0037,1043A
A,2235c02,2235c01
B,3070bpr0025,67211
P,3069bpr0265,3069b
P,6474pr9972,6474
P,6474pr9971,6474
A,4677c03,4677c01
A,4677c03,4677c02
A,31227pr0002,31227pr0001
P,31223pr0001,31223
A,51710pr0002,51710pr0001
M,92453,4544
R,dupupn0043,4800
R,4814,4812
P,6474pr9982,6474
P,4197pr0001,4197
T,6083pat0001,6083
P,34316pr0187,34316
R,95344,98374
R,95344,98374pr0001
R,95344,98374pr0002
R,95344,98374pr0003
M,4489a,4489b
R,dupupn0048,dupupn0119
P,6474pr9981,6474
P,6474pr9980,6474
P,dupupn0118pr0001,dupupn0118
P,dupupn0118pr0002,dupupn0118
P,14734pr0003,14734
P,3664pr0005,3664
P,dupupn0118pr0003,dupupn0118
P,3961pr0006,3961
P,973c27h03pr1309,973c27h03
P,3626bpr1419,3626b
P,970c00pr9994,970c00
P,2545pr0002,2545
P,973c22h01pr9999,973c22h01
P,3626cpr2671,3626c
P,3626cpr2679,3626c
P,970c00pr1560,970c00
P,22385pr0104,22385
P,22385pr0105,22385
P,14769pr1112,14769
P,18759pr0001,18759
P,3626cpr2639,3626c
P,26292pr0001,26292
P,15530pr0001,15530
P,4198pr9996,4198
P,4198pr9997,4198
P,1021Apr0019,1021A
P,30367cpr1017,30367c
P,973c03h03pr5420,973c03h03
P,970c00pr1553,970c00
P,98100pr0007,98100
P,30361cpr1014,30361c
P,36036pr0006,36036
P,4198pr9998,4198
R,45493,clikupn0001pr0002
P,4198pr9986,4198
P,dupupn0118pr0004,dupupn0118
P,dupupn0119pr0001,dupupn0119
P,970c00pr0634,970c00
P,970c00pr6630,970c00
P,4066pr0063,4066
P,88686pr0001,88686
P,973c03h03pr5430,973c03h03
T,973c12h19,973c00
P,4198pr9989,4198
P,6309pr0094,6309
P,3010pr0052,3010
P,3010pr0054,3010
P,18759pr0002,18759
P,3039pr0022,3039
P,13548pr0001,13548
P,2431pr0133,2431
P,3626cpr9848,3626c
P,3626cpr9953,3626c
P,3626bpr0227,3626b
P,3626bpr0840,3626b
P,3011pr1017,3011
P,3011pr1019,3011
P,3626cpr2691,3626c
T,973c12h12,973c00
P,87079pr0170,87079
P,27383pr0003,27383
P,31193pr0006,31193
P,31111pr9980,31111
P,3626cpr2241,3626c
P,4066pr0065,4066
P,4066pr0066,4066
P,1021Apr0022,1021A
P,4197pr0002,4197
P,4198pr9995,4198
M,54043b,54043
P,970d33pr1280,970d00
P,4066pr0067,4066
P,970x026pr0008,970x026
P,970x026pr0151,970x026
P,970x026pr0197,970x026
P,970x026pr0206,970x026
P,970x026pr0237,970x026
P,970x026pr0239,970x026
P,970x026pr0308,970x026
P,970x026pr0796,970x026
P,970x026pr0311,970x026
P,970x026pr0309,970x026
P,970x323pr0373,970x323
P,3626cpr0724,3626c
P,970x005pr1163,970x005
P,970x194pr1186,970x194
P,3960pr9999,3960
P,3626cpr0702,3626c
P,31110pr0047,31110
P,31110pr0050,31110
P,31110pr0068,31110
P,31110pr0051,31110
P,31110pr0044,31110
P,31110pr0065,31110
P,3664pr0010,3664
P,3437pr0002,3437
P,3437pr0022,3437
P,3437pr0086,3437
P,3437pr0028,3437
P,3437pr0020,3437
P,3437pr0026,3437
P,3437pr0030,3437
P,3437pr0035,3437
P,3437pr0049,3437
P,3437pr0044,3437
P,3437pr0062,3437
P,76371pr0101,76371
P,76371pr0121,76371
P,4066pr0064,4066
P,76371pr0031,76371
P,76371pr0102,76371
P,76371pr0114,76371
P,4066pr0002,4066
P,4066pr0003,4066
P,31110pr0048,31110
P,11344pr0004,11344
P,11344pr0003,11344
P,3011pr0001,3011
P,11197pr0003,11197
P,47408pr0002,47408
P,6309pr0058,6309
P,6309pr0059,6309
P,6309pr0060,6309
P,14222pr0005,14222
P,14222pr9997,14222
P,31110pr0046,31110
P,6474pr9997,6474
P,2302pr0010,2302
P,2302pr0003,2302
P,2302pr9999,2302
P,31213pr0024,31213
P,31213pr0003,31213
P,31213pr0025,31213
P,31213pr0031,31213
P,31213pr0022,31213
P,31213pr0021,31213
P,4198pr0013,4198
P,4198pr0016,4198
P,4198pr0015,4198
P,98224pr0002,98224
P,98225pr0002,98225
P,47423pr0008,47423
P,11345pr0001,11345
P,4066pr0280,4066
P,4066pr0278,4066
P,51704pr9996,51704
P,31213pr0028,31213
P,31213pr0023,31213
P,31213pr0019,31213
P,31213pr0016,31213
P,31213pr0027,31213
P,51704pr9997,51704
P,31110pr9988,31110
P,98225pr0001,98225
P,41970pr0009,41970
P,41970pr0008,41970
P,41970pr0010,41970
B,973pbf,973c10h21pr2382
P,31110pr0049,31110
P,31110pr0074,31110
P,31110pr0073,31110
P,31110pr0089,31110
P,31110pr0088,31110
P,31110pr9980,31110
P,31110pr0087,31110
P,31110pr0086,31110
P,31110pr0085,31110
P,31110pr0084,31110
P,31110pr0083,31110
P,31110pr0082,31110
P,31110pr9978,31110
P,31110pr0081,31110
P,31110pr0080,31110
P,31110pr9982,31110
P,31110pr0097,31110
P,31110pr0096,31110
P,31110pr0066,31110
P,31110pr0058,31110
P,31110pr0057,31110
P,31110pr0056,31110
P,31110pr0054,31110
P,31110pr0053,31110
P,31110pr0060,31110
P,31110pr0095,31110
P,31110pr9981,31110
P,31110pr9987,31110
P,76371pr0108,76371
P,3437pr0034,3437
P,3626cpr9948,3626c
P,3626cpr0023,3626c
P,31110pr0052,31110
P,31110pr0078,31110
P,31110pr9985,31110
P,4066pr0035,4066
P,76371pr0115,76371
P,76371pr0103,76371
P,3437pr0060,3437
P,3437pr9992,3437
P,3664pr0008,3664
P,41250pr0003,41250
P,41250pr0002,41250
P,3437pr0005,3437
P,31110pr0067,31110
P,31110pr0063,31110
P,31110pr0062,31110
P,31110pr0061,31110
P,31110pr0094,31110
P,31110pr9984,31110
P,31110pr0076,31110
P,76371pr0117,76371
P,3626cpr9943,3626c
P,3626cpr9969,3626c
P,31110pr0064,31110
P,3664pr9998,3664
P,2291pr0005,2291
P,31110pr0079,31110
P,6474pr0014,6474
P,26603pr0037,26603
P,3626cpr0019,3626c
P,31110pr0093,31110
P,31110pr0090,31110
P,31110pr0118,31110
P,31110pr9986,31110
P,31110pr0077,31110
P,6474pr0009,6474
P,76371pr0106,76371
P,76371pr0113,76371
P,76371pr0116,76371
P,3437pr0021,3437
P,76371pr0007,76371
P,11408c01pr0001,11408c01
P,11408c01pr0015,11408c01
P,11408c01pr0030,11408c01
P,11408c01pr0107,11408c01
P,11408c01pr0007,11408c01
P,3622pr0043,3622
B,upn0326a,upn0326
B,upn0326b,upn0326
P,31111pr9982,31111
P,970c00pr1525,970c00
P,973c01h03pr4324,973c01h03
P,3626cpr2785,3626c
P,26292pr0002,26292
P,970c00pr1629,970c00
P,1085pr0014,1085
P,3626cpr2788,3626c
P,3626cpr2789,3626c
T,973c28h27,973c00
P,973c01h03pr0002,973c01h03
P,3008apr0001,3008a
P,973c14h12pr1881,973c14h12
P,3678bpr0075,3678b
P,3005pr0004,3005
P,973c01h03pr0001,973c01h03
P,3626cpr2772,3626c
P,3626cpr2811,3626c
P,970c00pr1643,970c00
P,973c28h01pr0056,973c28h01
P,1085pr0015,1085
P,3626cpr2760,3626c
P,2157pr0001,2157
P,18895pr0007,18895
R,52919pr0001,53308
A,dupupn0006c02,dupupn0006c01
R,54071pr0001,54070
P,54862pr0001,54862
P,3004pr0033,3004
P,3004pr0012,3004
P,87079pr0184,87079
P,47753pr0005,47753
P,3037pr0006,3037
A,973c28h01pr0204,973c28h01pr2825
P,98138pr0100,98138
P,4162pr0049,4162
P,44375bpr0999,44375b
R,11429pr0001,13206pr0002
P,93587pr0018,93587
P,3069bpr0218,3069b
P,3626cpr2680,3626c
P,3626cpr2683,3626c
P,4864bpr0004,4864b
P,87079pr0220,87079
P,3009apr0041,3009a
P,95327pr0002,95327
P,24309pr0002,24309
R,47541,47540
P,25128c01pr0002,25128c01
P,25128c01pr0001,25128c01
T,25128c02,25128
T,25128c01,25128
P,3626cpr2758,3626c
P,970c00pr1670,970c00
P,65474pr0004,65474
P,3626cpr2786,3626c
P,973c28h01pr3937,973c28h01
A,98115,98107
P,973c27h03pr1242,973c27h03
P,973c28h01pr0152,973c28h01
P,973c28h01pr2500,973c28h01
P,973c28h01pr0083,973c28h01
P,973c28h01pr2616,973c28h01
P,87079pr0024,87079
P,3626cpr2755,3626c
P,970c00pr1601,970c00
B,787,787c01
P,3626cpr2762,3626c
P,14769pr1124,14769
P,31330pr0001,31330
P,4197pr0006,4197
P,65474pr0005,65474
A,2029pr0002,2029pr0001
A,dupupn0078c01,dupupn0078c02
P,4247pr0001,4247
P,4066pr0084,4066
R,753,upn0272b
R,753,upn0272a
P,6394pr0001,6394
B,753,160ac01
P,42545pr0001,42545
P,31441pr0001,31441
P,32896pr0001,32896
P,99771pr0001,99771
P,31111pr9977,31111
P,65196pr0005,65196
P,970c00pr1598,970c00
T,973c28h03,973c00
T,973c01h03,973c00
P,75084pr0004,75084
M,28567,2866
P,88930pr0002,88930
P,6177bpr0006,6177b
P,26603pr0038,26603
P,59349pr0002,59349
P,45677pr9999,45677
P,22385pr0090,22385
P,970c00pr9921,970c00
P,14769pr1116,14769
P,4162pr0066,4162
P,87079pr0175,87079
P,14769pr1110,14769
P,970c00pr1609,970c00
B,753,160ac02
T,973c01h27,973c00
P,3626cpr2793,3626c
P,3626cpr2792,3626c
P,31110pr0055,31110
P,3437pr0029,3437
P,3437pr0106,3437
P,3664pr0012,3664
P,6309pr0005,6309
P,4066pr0279,4066
P,11408c01pr0004,11408c01
P,11408c01pr0010,11408c01
P,11408c01pr0013,11408c01
P,11408c01pr0109,11408c01
P,11408c01pr0016,11408c01
P,86500pr0005,86500
B,upn0326c,upn0326
A,24104c02,24104c01
P,3626cpr2770,3626c
P,3626cpr2773,3626c
P,3626cpr2825,3626c
P,3009apr0001,3009a
P,3005pr0017,3005
P,970c00pr1623,970c00
P,3626cpr2776,3626c
P,19729pr0026,19729
P,52919pr0001,52919
P,53491pr0001,53491
R,71402,31063
P,60581pr0020,60581
R,11429pr0001,13206pr0003
P,3960pr0043,3960
P,15429pr0008,15429
A,3149ec01,3149ac01
A,24166pat0002,24166pat0001
A,98114,98107
B,787,787c03
P,19729pr0028,19729
P,4066pr0085,4066
P,42545pr0002,42545
P,31110pr0045,31110
P,99771pr0003,99771
P,970c00pr1193,970c00
P,18987pr0002,18987
P,3626cpr9897,3626c
P,3626cpr9896,3626c
P,22385pr0093,22385
P,22385pr0103,22385
P,14769pr1117,14769
P,4162pr0067,4162
P,3069bpr0250,3069b
P,3626cpr2804,3626c
P,3437pr0100,3437
P,3664pr0011,3664
P,3664pr0013,3664
P,3664pr0014,3664
P,3664pr9999,3664
P,3664pr9997,3664
P,31110pr9979,31110
P,3664pr0009,3664
P,15793pr0001,15793
P,31453pr0001,31453
P,6309pr0001,6309
P,6309pr0017,6309
P,6309pr0021,6309
P,6309pr0027,6309
P,6309pr0029,6309
P,14222pr0014,14222
P,4066pr0097,4066
P,4066pr0086,4066
P,4066pr0087,4066
P,4066pr0094,4066
P,4066pr0277,4066
P,4066pr0263,4066
P,4066pr0261,4066
P,4066pr0262,4066
P,76371pr0018,76371
P,76371pr0006,76371
P,76371pr0010,76371
P,6309pr0108,6309
P,6309pr0004,6309
P,6309pr0006,6309
P,6309pr0014,6309
P,6309pr0026,6309
P,6309pr0052,6309
P,6309pr0053,6309
P,6309pr0121,6309
P,6309pr0123,6309
P,11408c01pr0003,11408c01
P,11408c01pr0017,11408c01
P,11408c01pr0105,11408c01
P,3960pr0033,3960
B,upn0326d,upn0326
P,3009apr0002,3009a
P,3626cpr2771,3626c
P,6636pr0004,6636
B,787,787c02
P,4247pr0002,4247
P,42545pr0003,42545
P,99771pr0002,99771
P,3664pr9992,3664
P,1085pr0016,1085
M,dupupn0013c02pr0001a,dupupn0013c02pr0001
P,3626cpr9895,3626c
P,22385pr0094,22385
P,22385pr0101,22385
P,87079pr0176,87079
P,3626cpr2850,3626c
T,973c02h02,973c00
P,973c28h01pr0122,973c28h01
P,3626cpr2821,3626c
P,3626cpr2797,3626c
P,98130pr0008,98130
P,3623pr0026,3623
P,970c00pr1634,970c00
P,24246pr0002,24246
P,2437pr0005,2437
P,970c00pr9920,970c00
P,57895pr0016,57895
P,14769pr1118,14769
P,970c00pr1651,970c00
P,3069bpr0247,3069b
P,3961pr0001,3961
P,3062bpr0019,3062b
P,970c00pr1619,970c00
P,3626cpr2790,3626c
P,3626cpr2767,3626c
P,3626cpr2794,3626c
P,3626cpr2791,3626c
P,3626cpr2780,3626c
P,98138pr0108,98138
P,776pr0004,776
P,15875c01pr0164,15875
P,15875c01pr0167,15875
P,26603pr0018,26603
P,24593pr0006,24593
P,15627pr0017,15627
P,16530c01pr0103,16530
P,87079pr0178,87079
P,87079pr0038,87079
P,87079pr0181,87079
P,87079pr0183,87079
P,970c00pr1604,970c00
P,970c00pr1606,970c00
P,970c00pr1612,970c00
P,14769pr1120,14769
P,93604pr0003,93604
P,3626cpr2861,3626c
P,970c00pr1624,970c00
P,3626cpr2863,3626c
P,3626cpr2783,3626c
P,3626cpr2778,3626c
P,3626cpr2751,3626c
P,3626cpr2787,3626c
P,3626cpr2822,3626c
P,3626cpr2809,3626c
P,776pr0005,776
P,3626cpr2891,3626c
P,3068bpr0388,3068b
P,3068bpr0394,3068b
P,14769pr1114,14769
P,37829pr0003,37829
P,3004pr0047,3004
P,3622pr0047,3622
P,16925c01pr0140,16925
P,3004pr0045,3004
P,3245cpr0156,3245c
P,98165pr0013,98165
P,98072pr0007,98072
P,3626cpr2775,3626c
P,15793pr0002,15793
P,41250pr0001,41250
P,6309pr0106,6309
P,6309pr0112,6309
P,6309pr0109,6309
P,6309pr0003,6309
P,6309pr0007,6309
P,6309pr0009,6309
P,6309pr0013,6309
P,6309pr0015,6309
P,6309pr0019,6309
P,6309pr0023,6309
P,6309pr0025,6309
P,6309pr0031,6309
P,6309pr0033,6309
P,6309pr0035,6309
P,6309pr0037,6309
P,6309pr0039,6309
P,6309pr0041,6309
P,6309pr0043,6309
P,6309pr0045,6309
P,6309pr0047,6309
P,6309pr0049,6309
P,6309pr0051,6309
P,31213pr0026,31213
P,6474pr9998,6474
P,4066pr0083,4066
P,4066pr0271,4066
P,4066pr0096,4066
P,4066pr0089,4066
P,4066pr0099,4066
P,76371pr0004,76371
P,4066pr0272,4066
P,4066pr0093,4066
P,76371pr0008,76371
P,76371pr0011,76371
P,76371pr0005,76371
P,76371pr0009,76371
P,6309pr0125,6309
P,6309pr0105,6309
P,6309pr0111,6309
P,6309pr0115,6309
P,6309pr0002,6309
P,6309pr0008,6309
P,6309pr0010,6309
P,6309pr0012,6309
P,6309pr0016,6309
P,6309pr0018,6309
P,6309pr0020,6309
P,6309pr0022,6309
P,6309pr0024,6309
P,6309pr0028,6309
P,6309pr0030,6309
P,6309pr0032,6309
P,6309pr0034,6309
P,6309pr0036,6309
P,6309pr0038,6309
P,6309pr0040,6309
P,6309pr0042,6309
P,6309pr0044,6309
P,6309pr0046,6309
P,6309pr0048,6309
P,6309pr0050,6309
P,6309pr0054,6309
P,6309pr0056,6309
P,6309pr0057,6309
P,6309pr0055,6309
P,6309pr0124,6309
P,6309pr0120,6309
P,6309pr0103,6309
P,6309pr0113,6309
P,6309pr0117,6309
P,6309pr0119,6309
P,6309pr0102,6309
P,6309pr0100,6309
P,6309pr0101,6309
P,6309pr0110,6309
P,6309pr0122,6309
P,6309pr0114,6309
P,6309pr0104,6309
P,6309pr0107,6309
P,6309pr0116,6309
P,6309pr0126,6309
P,31111pr9986,31111
P,31110pr0091,31110
P,31110pr9977,31110
P,76371pr0107,76371
P,31110pr9993,31110
P,31110pr0025,31110
R,45493,clikupn0001pr0004
P,3011pr0005,3011
P,11344pr0008,11344
P,47408pr0001,47408
P,17178c01pr0001,17178
P,2032pr0001,2032
P,2302pr0014,2302
P,3011pr1014,3011
P,31110pr0040,31110
P,31213pr9994,31213
P,3664pr0001,3664
P,3664pr0006,3664
P,42025pr9999,42025
P,6309pr0118,6309
P,51547pr0011,51547
P,51704pr9998,51704
P,31213pr0029,31213
P,98224pr0003,98224
P,4886pr0001,4886
P,6474pr9984,6474
P,23233pr0001,23233
R,45493,clikupn0001pr0013
A,39367pat0001,39367pat0002
P,25269pr0009,25269
P,19729pr0027,19729
M,65571,14682
P,6474pr9995,6474
P,3626cpr9820,3626c
P,1085pr0018,1085
P,3626cpr9818,3626c
P,1021Apr0021,1021A
P,cardupn0030pr0047,cardupn0030
P,1021Apr0023,1021A
P,11408c01pr0008,11408c01
P,11408c01pr0012,11408c01
M,1122M,1122L
R,24101c01,24104c01
P,cardupn0030pr0046,cardupn0030
B,973pb1183,973c27h01pr2084
P,3626cpr9898,3626c
P,3245cpr0150,3245c
B,787,787c04
P,4247pr0003,4247
P,42545pr0004,42545
P,99771pr0004,99771
P,dupupn0086pr0001,dupupn0086
P,22385pr0099,22385
P,1021Apr0024,1021A
P,970c00pr1669,970c00
A,4555c01pr0010,4555c01pr0063
P,3070bpr0200,3070b
P,87079pr0185,87079
P,3069bpr0249,3069b
P,3626cpr2765,3626c
P,3626cpr2805,3626c
P,1021Apr0026,1021A
P,16925c01pr0139,16925
P,87544pr0004,87544
P,970c00pr1603,970c00
P,970c00pr1676,970c00
P,25269pr0010,25269
P,25269pr0011,25269
P,3626cpr3132,3626c
P,3626cpr3183,3626c
P,14769pr1123,14769
P,93604pr0004,93604
P,1085pr0017,1085
P,3010pr0061,3010
P,3622pr0044,3622
P,3245cpr0158,3245c
P,3245cpr0157,3245c
P,28192pr0002,28192
P,39268pr0001,39268
R,45493,clikupn0001pr0009
P,2528pr0011,2528
P,11408c01pr0009,11408c01
M,1132M,1132L
R,24101c02,24104c02
A,24101c01,24101c02
B,787,787c05
R,dupupn0086pr0001,2204pr0001
R,dupupn0086pr0001,2332
R,dupupn0086pr0001,29307
P,22385pr0100,22385
P,22385pr0102,22385
P,3024pr0015,3024
P,88930pr0016,88930
P,49098pr0001,49098
P,98138pr0102,98138
P,3626cpr2795,3626c
P,776pr0006,776
P,11602pr0007,11602
P,973c28h01pr0063,973c28h01
P,970c00pr1613,970c00
P,970c00pr1610,970c00
P,973c28h01pr0188,973c28h01
P,973c28h01pr0097,973c28h01
P,3622pr0050,3622
P,32474pr1017,32474
P,3245cpr0159,3245c
P,3010pr0063,3010
P,98071pr0007,98071
P,39268pr0002,39268
P,15427pr0237,15427
P,2447pr0015,2447
P,90370pr0007,90370
P,2447pr0001,2447
P,87587pr0003,87587
R,45493,clikupn0001pr0010
P,776pr0014,776
R,63777,63776
P,3622pr0053,3622
P,11818pr0187,11818
P,11938pr0001,11938
P,19729pr0029,19729
P,87079pr0216,87079
R,969,968
P,3960pr0032,3960
P,17485pr0005,17485
P,3062bpr0020,3062b
P,30370pr0246,30370
P,6179pr0028,6179
P,6179pr0025,6179
P,30370pr0210,30370
P,6179pr0027,6179
P,30372pr0005,30372
P,30370pr0251,30370
P,6179pr0026,6179
P,6179pr0024,6179
P,42861pr0003,42861
R,4131,4130
R,3195,3194
P,973c01h01pr1440,973c01h01
P,3626cpr9923,3626c
R,16558,16412
R,26019,26016
P,3626cpr9951,3626c
P,3626cpr0028,3626c
R,71493,71492
P,22385pr9984,22385
P,22385pr9982,22385
P,47753pr0007,47753
P,3626cpr0854,3626c
P,3010apr0002,3010a
P,3626cpr0710,3626c
P,22385pr9981,22385
P,22385pr9980,22385
P,22385pr9979,22385
P,22385pr9978,22385
P,22385pr9977,22385
P,22385pr9976,22385
P,39739pr0003,39739
P,11408c01pr0100,11408c01
M,1142M,1142L
P,41879apr0008,41879a
R,dupupn0086pr0001,11345
P,3024pr0016,3024
P,19729pr0022,19729
P,3068bpr0387,3068b
P,87079pr0179,87079
P,10063pr0001,10063
P,11818pr0175,11818
P,3626cpr2754,3626c
P,970c00pr1600,970c00
P,970c00pr1608,970c00
P,3623pr0028,3623
P,3010pr0062,3010
P,3660pr0008,3660
P,39268pr0003,39268
P,3626cpr2764,3626c
P,15429pr0014,15429
P,10061pr0001,10061
R,10154pr0002,29780
P,3003pr0125,3003
P,973c27h03pr1232,973c27h03
P,973c28h01pr1163,973c28h01
P,973c28h01pr1173,973c28h01
P,36036pr0014,36036
P,30370pr0248,30370
P,3626cpr9927,3626c
P,22385pr9983,22385
P,86500pr0004,86500
P,4490pr0027,4490
P,3008pr0010,3008
P,3010pr9998,3010
P,3004pr0048,3004
P,3626bpr9997,3626b
P,11408c01pr0102,11408c01
P,11408c01pr0103,11408c01
P,3626cpr1959,3626c
R,dupupn0086pr0001,18857
R,3843,3842a
P,3626cpr2784,3626c
P,970c00pr1627,970c00
P,3626cpr2781,3626c
P,22385pr0106,22385
P,24593pr0007,24593
P,3626cpr2855,3626c
P,3626cpr2857,3626c
R,30090,22380
R,22401,2446
P,17485pr0004,17485
M,65571,40620
P,4740pr0013,4740
P,3660pr0009,3660
P,11477pr0008,11477
P,3626cpr2782,3626c
P,776pr0010,776
B,3814,11938pr0001
R,36,715
P,4744pr0030,4744
P,3010pr9994,3010
P,3010pr9993,3010
P,14769pr0003,14769
P,14769pr1107,14769
P,22385pr1004,22385
P,24181pr0001,24181
R,10063pr0001,10061pr0001
P,11408c01pr0111,11408c01
R,dupupn0086pr0001,27396
P,30350bpr0009,30350b
P,3070bpr0190,3070b
R,10124pr0011,10154pr0011
P,3622pr0049,3622
P,3245cpr0152,3245c
P,63864pr0022,63864
R,36,715a
P,3010pr9995,3010
P,22385pr0017,22385
P,4162pr0999,4162
R,dupupn0086pr0001,4253
P,19729pr0024,19729
P,3245cpr0163,3245c
P,60481pr0001,60481
P,16925c01pr0153,16925
P,6636pr0022,6636
R,36,35
P,3010pr9999,3010
R,759532,759528c02
P,973c26h01pr0104,973c26h01
P,4197pr9998,4197
R,759533,759528c01
P,14222pr9996,14222
P,1052pr0001,1052
P,3437pr0114,3437
P,31324pr0001,31324
A,33291,24866
P,98225pr0004,98225
P,1052pr0002,1052
P,973c26h01pr0396,973c26h01
P,35114pr0001,35114
R,dupupn0086pr0001,61649
P,970x026pr0475,970x026
P,51260pr0001,51260
P,973c02h02pr7005,973c02h02
P,973c02h02pr1958,973c02h02
P,973c02h02pr3507,973c02h02
P,45896pr0007,45896
P,973c02h02pr3614,973c02h02
P,973c02h02pr1462,973c02h02
A,973c02h02pr4041,973c02h02pr1462
P,1052pr0003,1052
P,1052pr0004,1052
P,970x026pr1211,970x026
P,4162pr0057,4162
M,62360,35299
P,970d01pr1290,970d00
P,970x308pr1374,970x308
P,970x001pr1224,970x001
P,973c12h12pr0294,973c12h12
P,3626cpr0502,3626c
T,40925pat0001,40925
P,970x026pr1272,970x026
P,90398pr0001,90398
P,90398pr0002,90398
P,98456pr0001,98456
P,98456pr0002,98456
P,16925c01pr0152,16925
B,26280,26288
P,85984pr0014,85984
P,35787pr0005,35787
P,28631pr0007,28631
A,3899,38014
P,3003pr0140,3003
P,3068bpr9990,3068b
P,98456pr0003,98456
P,98456pr0004,98456
P,973c03h03pr1234,973c03h03
A,973c26h01pr0104,973c26h01pr0105
P,28424pr0003,28424
P,51261pr0002,51261
B,4419,4419c01
B,4419,4419c02
P,47444c01pr0001,47444c01
P,52918pr0001,52918
R,clikupn0144,clikupn0145
P,cardupn0030pr0045,cardupn0030
P,cardupn0030pr0044,cardupn0030
R,44680,44331
P,31452pr0001,31452
P,973c03h03pr3890,973c03h03
P,3664pr9994,3664
P,973c03h12pr3849,973c03h12
P,973c27h01pr3771,973c27h01
P,973c03h03pr3095,973c03h03
P,970x005pr0729,970x005
P,970x026pr1288,970x026
P,973c01h01pr3793,973c01h01
P,cardupn0030pr0043,cardupn0030
P,973c01h01pr3833,973c01h01
P,973c14h12pr3834,973c14h12
P,cardupn0030pr0042,cardupn0030
P,6472pr0001,6472
P,973c27h01pr3808,973c27h01
P,cardupn0030pr0041,cardupn0030
P,973c27h01pr3798,973c27h01
P,31213pr0009,31213
P,3664pr9993,3664
P,28424pr0001,28424
R,31067pr0001,31072
R,31067pr0001,31072pr0001
P,31067pr0001,31067
P,31072pr0001,31072
R,2222,4662
P,4066pr0070,4066
P,4198pr9988,4198
P,6361pr0001,6361
R,2200,2199
P,47423pr0010,47423
R,6870,6859
P,30144pr0001,30144
A,2275pr0001,2275c01pr0003
P,45677pr0006,45677
P,4197pr0003,4197
P,35477pr0001,35477
R,2159,dupupn0054
P,60581pr9996,60581
A,1314c05pr0001,1314c02pr0001
P,4197pr0004,4197
P,4066pr0071,4066
P,970c00pr9958,970c00
A,973c26h01pr0396,973c26h01pr0105
P,3626cpr9947,3626c
P,93557pr0002,93557
P,cardupn0030pr0012,cardupn0030
P,970c00pr9957,970c00
P,3626cpr9946,3626c
P,3626cpr9945,3626c
P,970c00pr9956,970c00
P,4066pr0068,4066
P,4066pr0069,4066
R,22400,2446
P,3626cpr9944,3626c
P,98130pr0004,98130
R,29632pr0012,29630pr0012
P,98130pr0005,98130
R,29630pr0013,29632pr0013
P,24496pr0010,24496
P,3245cpr0164,3245c
P,970c00pr9955,970c00
R,46304,35458
T,40925pat0002,40925
P,3068bpr0389,3068b
P,4197pr0005,4197
R,33271,6953
P,970x199pr1387,970x199
R,2104,2102
R,dupupn0062c01,2103
R,dupupn0062c02,2103
R,dupupn0062c03,2103
R,dupupn0062c04,2103
R,dupupn0062c05,2103
R,dupupn0062c06,2103
P,3070bpr9999,3070b
P,60601pr0005,60601
P,98130pr0006,98130
P,14769pr1111,14769
P,3068bpr0376,3068b
P,973c02h02pr4041,973c02h02
P,973c27h01pr3403,973c27h01
P,973c22h01pr3795,973c22h01
P,970x135pr1132,970x135
P,973c24h03pr3640,973c24h03
R,37195,56145
P,970c00pr1252,970c00
P,973c12h12pr3778,973c12h12
A,3087c,3087ac01
A,3087c,3087bc01
A,3087c,3087cc01
P,98130pr0007,98130
M,30394,21709
P,3068bpr0404,3068b
P,973c03h03pr4008,973c03h03
R,34987,36548
R,34987,38871
P,3068bpr0092,3068b
P,3004pr9998,3004
P,3626cpr9942,3626c
P,3626cpr9941,3626c
P,973c02h02pr3843,973c02h02
P,970c00pr9954,970c00
P,3626cpr9940,3626c
P,973c02h02pr4707,973c02h02
P,970c00pr9953,970c00
P,3626cpr9939,3626c
P,970c00pr9952,970c00
P,3626cpr9938,3626c
P,970c00pr9951,970c00
R,46304,30325
P,970c00pr9950,970c00
P,3626cpr9937,3626c
P,970c00pr9949,970c00
P,973c14h14pr3658,973c14h14
P,973c26h01pr0391,973c26h01
P,973c31h01pr0008,973c31h01
P,973c27h01pr0001,973c27h01
P,973c01h01pr0031,973c01h01
P,3622pr0020,3622
P,3626cpr1848,3626c
P,973c03h03pr3965,973c03h03
P,973c27h03pr0470,973c27h03
P,973c27h03pr0579,973c27h03
P,973c10h12pr3964,973c10h12
P,76371pr0012,4066
P,76371pr0012,76371
P,87079pr9999,87079
P,76371pr0013,76371
P,76371pr0013,4066
P,970x026pr0471,970x026
P,970x026pr0497,970x026
P,970x026pr0499,970x026
P,970x026pr0587,970x026
P,970x026pr0588,970x026
P,970x026pr0631,970x026
P,3626cpr9936,3626c
P,970c00pr9948,970c00
P,3626cpr9935,3626c
A,973c02h02pr3843,973c02h02pr1462
P,970c00pr9947,970c00
P,970c00pr9987,970c00
P,973c28h01pr0018,973c28h01
P,973c03h01pr0022,973c03h01
P,970x026pr0679,970x026
P,970x026pr0683,970x026
P,970x026pr0795,970x026
P,970x026pr0805,970x026
P,970x026pr0813,970x026
P,970x026pr0814,970x026
P,970x026pr0823,970x026
P,970x026pr0866,970x026
P,970x026pr0945,970x026
P,970x026pr0946,970x026
P,970x026pr0986,970x026
P,970x026pr0969,970x026
P,973c28h01pr2970,973c28h01
P,973c22h12pr9970,973c22h12
P,970x026pr1020,970x026
P,970x026pr1021,970x026
P,11408c01pr0115,11408c01
P,970x026pr1168,970x026
P,970x026pr1128,970x026
P,970x026pr1196,970x026
P,970x026pr1218,970x026
P,970x026pr1281,970x026
P,970x026pr1412,970x026
P,970x026pr1398,970x026
P,970x026pr1476,970x026
P,970x023pr0003,970x023
P,970x023pr0004,970x023
P,970x023pr0011,970x023
P,970x023pr0296,970x023
P,970x023pr0410,970x023
P,970x023pr0752,970x023
P,970x023pr0968,970x023
P,970x023pr1140,970x023
P,970x023pr1253,970x023
P,970x023pr1311,970x023
P,970x023pr1433,970x023
P,970x023pr1460,970x023
P,970x023pr9973,970x023
P,970x028pr1141,970x028
P,970x192pr0205,970x192
P,970x192pr0484,970x192
P,970x192pr0577,970x192
P,970x192pr0900,970x192
P,970x192pr0629,970x192
P,970x192pr0700,970x192
P,970x192pr0686,970x192
P,970x192pr0701,970x192
P,970x192pr0730,970x192
P,970x192pr0753,970x192
P,970x192pr0812,970x192
P,970x192pr0851,970x192
P,970x192pr0890,970x192
P,970x297pr0708,970x297
P,970x297pr0933,970x297
P,970x297pr0935,970x297
P,970x297pr1413,970x297
P,970x297pr1415,970x297
P,970x297pr0934,970x297
P,970x297pr1414,970x297
P,970x297pr1410,970x297
P,776pr0007,776
P,970x037pr1434,970x037
P,776pr0009,776
P,973c08h08pr0191,973c08h08
P,970x191pr1382,970x191
P,970x191pr0940,970x191
P,970x191pr1142,970x191
P,970x321pr1115,970x321
P,970x321pr1254,970x321
P,970x138pr0512,970x138
P,970x330pr0534,970x330
T,40925pat0003,40925
T,40925pat0005,40925
P,28424pr0002,28424
P,776pr0011,776
P,3004pr9999,3004
P,33492pr0001,33492
P,973c28h01pr1175,973c28h01
P,26490c01pr0005,26490
P,973c28h01pr0106,973c28h01
P,970x268pr0852,970x268
P,973c28h01pr0138,973c28h01
P,970x138pr0361,970x138
P,970x330pr0450,970x330
T,40925pat0004,40925
P,98138pr0101,98138
P,3622pr0014,3622
P,3622pr0046,3622
P,30378pr0003,30378
P,3626cpr2763,3626c
P,45677pr0010,45677
P,3626cpr2800,3626c
P,60581pr0019,60581
P,22385pr1002,22385
P,87079pr0148,87079
P,4162pr0129,4162
P,973c28h27pr5097,973c28h27
P,3626cpr1904,3626c
M,33464pr0001,24581pr0001
P,1032Bpr0001,1032B
P,3626cpr9892,3626c
P,3626cpr9889,3626c
P,1032Bpr0002,1032B
P,88646pr9999,88646
P,43693pr0001,43693
P,973c28h22pr9759,973c28h22
P,973c27h27pr9995,973c27h27
P,3626cpr2908,3626c
P,970c00pr1740,970c00
P,3626cpr2886,3626c
P,970c00pr1705,970c00
P,3626cpr2887,3626c
P,970c00pr1706,970c00
P,3626cpr2888,3626c
P,970c00pr1707,970c00
R,40246,40245
P,3626cpr2941,3626c
P,3626cpr2953,3626c
P,3626cpr2954,3626c
P,3626cpr2955,3626c
P,24782pr0013,24782
P,31111pr0010,31111
P,31111pr0005,31111
P,3004pr0011,3004
P,10202pr0004,10202
P,3011pr1027,3011
P,98223pr9995,98223
P,30165pr0003,30165
P,11818pr0190,11818
P,11818pr0191,11818
M,51482,30396
A,973c26h02pr3814,973c26h02pr3066
P,30165pr0002,30165
P,30367bpr1018,30367b
P,3068bpr0403,3068b
P,10113pr0004,10113
P,90398pr0050,90398
P,21560pr0032,21560
P,99241pr0003,99241
P,3437pr0120,3437
P,3664pr0007,3664
P,4198pr0008,4198
P,4198pr0018,4198
P,4198pr0020,4198
P,4198pr0006,4198
P,11344pr0011,11344
P,13359pr0001,13359
P,6474pr0015,6474
P,11170pr0006,11170
P,11170pr0007,11170
P,3664pr0016,3664
P,3664pr0017,3664
P,2454bpr0005,2454b
P,1022Apr0001,1022A
P,87079pr0206,87079
P,64225pr0004,64225
P,14769pr1138,14769
P,49311pr0005,49311
P,49311pr0006,49311
P,87079pr0187,87079
R,22395,22380
M,57503,57504
P,98100pr0008,98100
P,50747pr0001,50747
P,3010pr9990,3010
P,3010pr9989,3010
P,3069bpr9994,3069b
P,93273pr9999,93273
P,38801pr0001,38801
P,98166pr0003,98166
B,45721a,45721
P,3622pr0051,3622
P,3070bpr9976,3070b
P,10907pr0001,10907
P,970c00pr1677,970c00
P,3626cpr2874,3626c
P,3626cpr2875,3626c
P,54200pr0003,54200
P,3626cpr9886,3626c
A,3002apr0005,3002apr0006
P,36036pr0005,36036
R,122c01,4288
R,98262,4727
P,973c27h01pr3084,973c27h01
P,3626cpr0829,3626c
P,3626cpr1770,3626c
P,1021Apr0025,1021A
P,24779pr0009,24779
T,88686pat0001,88686
P,23786pr0001,23786
P,2335pr0022,2335
P,26697pr0001,26697
T,56630pat0001,56630
P,30350apr0001,30350a
P,3626cpr1175,3626c
R,51261,51260
P,98138pr9997,98138
P,93273pr9998,93273
P,3626cpr0600,3626c
P,87079pr9994,87079
P,2230pr0001,2230
R,2230pr0001,11345
P,3069bpr0017,3069b
P,16925c01pr0006,16925
P,3626cpr9884,3626c
P,3068bpr0310,3068b
A,2204pr0002,2204pr0001
P,87544pr0001,87544
P,3846pr0008,3846
P,970x268pr1298,970x268
P,970x330pr0574,970x330
T,40925pat0006,40925
P,24599pr0001,24599
P,3069bpr0252,3069b
P,98138pr0107,98138
P,970c00pr1611,970c00
P,24309pr0006,24309
P,14769pr1134,14769
P,87079pr0177,87079
P,87079pr9997,87079
P,973c02h02pr4709,973c02h02
P,973c02h02pr4708,973c02h02
P,973c02h02pr4702,973c02h02
P,3626cpr9928,3626c
P,3626cpr9891,3626c
P,3626cpr2929,3626c
P,3626cpr2956,3626c
R,46304,87781
P,14769pr1147,14769
P,3626cpr2898,3626c
P,973c02h02pr4032,973c02h02
P,1021Apr0031,1021A
P,1021Apr0177,1021A
P,92817c01pr0005,92817
P,3011pr1028,3011
P,98223pr0013,98223
P,98223pr0012,98223
P,6474pr0008,6474
P,98223pr0010,98223
P,14222pr9999,14222
P,14222pr0015,14222
P,11818pr0101,11818
P,3622pr0052,3622
P,3004pr0050,3004
P,3004pr0051,3004
P,35787pr0003,35787
P,3068bpr0402,3068b
P,90398pr0051,90398
P,64867pr0002,64867
P,3437pr0123,3437
P,51704pr0004,51704
P,4198pr0019,4198
P,47753pr0010,47753
M,57503,57505
P,15627pr0018,15627
P,6178pr0006,6178
B,45721b,45721
P,3626cpr2730,3626c
P,3626cpr2731,3626c
P,3626cpr2732,3626c
P,3626cpr2733,3626c
P,3626cpr2734,3626c
P,973c02h02pr4365,973c02h02
P,973c02h02pr4596,973c02h02
P,973c02h02pr4733,973c02h02
P,3626cpr2740,3626c
P,970c00pr1592,970c00
P,973c02h02pr4044,973c02h02
P,970c00pr1594,970c00
P,3626cpr2743,3626c
P,3626cpr2744,3626c
P,3626cpr2745,3626c
P,63864pr0029,63864
P,14769pr1154,14769
P,3004pr0053,3004
P,63864pr0030,63864
M,3626cpr0348,3626bpr0348
P,54200pr0001,54200
P,24593pr0003,24593
A,3002apr0004,3002apr0008
A,646bc01,646
R,4728,4727
P,3626cpr9885,3626c
R,45493,clikupn0001pr0012
P,15210pr0002,15210
P,973c27h01pr3490,973c27h01
R,51260,53916
P,3069bpr9992,3069b
R,2230pr0001,18857
R,2230pr0001,27396
R,2230pr0001,2332
P,59349pr0001,59349
P,3068bpr9993,3068b
P,60601pr0006,60601
P,90397pr0004,90397
P,2440pr0001,2440
P,970x138pr0447,970x138
P,970x138pr0509,970x138
P,14769pr1115,14769
P,18675pr0016,18675
P,3062bpr0021,3062b
P,47753pr0009,47753
P,970c00pr1622,970c00
P,3626cpr2768,3626c
P,3069bpr0259,3069b
P,36036pr0013,36036
P,87079pr0040,87079
P,3626cpr2915,3626c
P,3626cpr2890,3626c
P,3011pr1026,3011
P,98223pr0014,98223
P,98223pr0027,98223
P,49309pr0002,49309
P,3004pr0052,3004
P,90398pr0049,90398
P,37829pr0068,37829
P,45705pr0004,45705
P,3437pr0122,3437
P,51704pr0005,51704
P,11197pr0002,11197
P,87079pr0192,87079
M,57503,57506
P,15626pr0007,15626
P,30261pr0005,30261
P,1022Apr0004,1022A
B,45721c,45721
P,85984pr0015,85984
A,646bc01,646c
A,646bc01,646ac01
P,30259pr0004,30259
P,3069bpr9993,3069b
R,2230pr0001,4253
P,3626cpr9817,3626c
R,18947,35186
R,6641,35186
R,35185,35186
B,503,503c01
P,3626cpr9883,3626c
P,970c00pr9914,970c00
A,91968c01,64424c01
M,64415c01,64414
A,19798,3940b
M,3626bpr0548,3626cpr0548
M,3626cpr0839,3626cpr0839
M,3626bpr0815,3626cpr0815
P,37681pr0001,37681
P,1022Apr0007,1022A
P,3626cpr2903,3626c
P,3626cpr3014,3626c
P,3626cpr3015,3626c
P,3626cpr3016,3626c
P,4162pr0070,4162
P,970c00pr1730,970c00
P,3626cpr2920,3626c
P,3626cpr2905,3626c
P,3626cpr2906,3626c
P,30599pr0003,30599
R,6026,6027
P,3626cpr2921,3626c
R,6026,6028
P,3626cpr3017,3626c
P,3626cpr3018,3626c
A,6505c02,6505c01
P,40925pat0001pr0001,40925pat0001
M,776pr0011,777pr0011
P,970c00pr1722,970c00
P,970c00pr1725,970c00
P,970c00pr1728,970c00
T,98220pat0001,98220
T,98220pat0002,98220
P,3626cpr2909,3626c
P,970c00pr1727,970c00
P,970c00pr1723,970c00
T,98220pat0008,98220
P,3626bpr9996,3626b
M,3626bpr0342,3626cpr2869
P,776pr0012,776
M,3626cpr2873,3626bpr0454
P,3626cpr0635,3626c
M,776pr0013,777pr0013
R,2563,2536a
R,2563,2536c
P,3626bpr9995,3626b
P,4162pr0069,4162
P,3070bpr0196,3070b
P,98138pr0062,98138
P,3626cpr2932,3626c
P,970c00pr1734,970c00
P,973c02h02pr4725,973c02h02
P,3626cpr2933,3626c
P,970c00pr1736,970c00
P,970c00pr1738,970c00
P,3626cpr2940,3626c
P,973c02h02pr4701,973c02h02
P,3626cpr2936,3626c
A,973c02h02pr1958,973c02h02pr3614
P,3626cpr2937,3626c
P,3626cpr2938,3626c
P,3626cpr2939,3626c
P,3626cpr2963,3626c
P,3626cpr2960,3626c
P,3626cpr3103,3626c
P,3626cpr2961,3626c
P,3626cpr2958,3626c
P,3626cpr2980,3626c
P,3626cpr2995,3626c
A,973c42h25pr2717,973c42h25pr4147
P,973c02h02pr1855,973c02h02
P,973c02h02pr1259,973c02h02
P,973c02h02pr1983,973c02h02
B,49595d,49595
B,49595a,49595
B,49595b,49595
B,49595c,49595
B,49595e,49595
B,49595f,49595
B,49595g,49595
P,3626cpr2942,3626c
P,3626cpr2946,3626c
P,3626cpr2957,3626c
P,3626cpr2934,3626c
P,973c02h02pr0301,973c02h02
P,973c02h02pr1847,973c02h02
P,970x138pr0549,970x138
P,14769pr1122,14769
P,2431pr0140,2431
P,3626cpr2777,3626c
P,98138pr0112,98138
P,14769pr1128,14769
P,14769pr1127,14769
P,28981pr0001,28981
P,2431pr9999,2431
P,973c02h02pr1846,973c02h02
P,65405pr0002,65405
A,973c02h02pr1846,973c02h02pr1847
P,973c02h02pr3323,973c02h02
P,3626cpr2884,3626c
P,31111pr0008,31111
P,98223pr0011,98223
P,14222pr0010,14222
P,14222pr0009,14222
P,2302pr0016,2302
P,14769pr1139,14769
P,59349pr0005,59349
P,14718pr9999,14718
P,37829pr0001,37829
P,87079pr0189,87079
P,3626cpr0883,3626c
P,973c22h01pr3660,973c22h01
P,3626cpr1522,3626c
P,1022Apr0002,1022A
P,26871pr0001,26871
P,2431pr0146,2431
R,2230pr0001,61649
R,6542a,35186
R,6542b,35186
P,973c02h02pr2310,973c02h02
P,87544pr0006,87544
P,4744pr0006,4744
M,3626cpr0692,3626bpr0692
A,973c02h02pr1837,973c02h02pr4365
P,973c02h02pr1136,973c02h02
P,973c02h02pr2398,973c02h02
A,973c02h02pr2398,973c02h02pr1136
P,3626cpr2911,3626c
P,973c02h02pr4068,973c02h02
P,973c02h02pr4936,973c02h02
P,973c02h02pr4133,973c02h02
P,3626cpr2922,3626c
P,970c00pr1731,970c00
P,3626cpr2923,3626c
P,973c02h02pr1464,973c02h02
P,973c02h02pr3872,973c02h02
P,3626cpr3022,3626c
P,1022Apr0003,1022A
P,3626cpr2913,3626c
R,10124pr0011,37838pr0002
P,970c00pr1733,970c00
P,3626cpr2949,3626c
P,973c02h02pr2926,973c02h02
A,973c02h02pr2926,973c02h02pr1958
P,15625pr0014,15625
P,87079pr0191,87079
P,3245cpr0160,3245c
P,35103pr0004,35103
P,3245cpr0153,3245c
A,973c02h02pr3872,973c02h02pr1958
M,3626cpr2866,3626bpr0277
M,3626bpr9995,3626cpr0635
P,3070bpr0195,3070b
P,3070bpr0192,3070b
P,3070bpr0199,3070b
A,973c02h02pr4936,973c02h02pr1958
P,3626cpr2917,3626c
P,3626cpr2971,3626c
P,973c02h02pr3086,973c02h02
T,49656pat0001,49656
P,970x138pr0547,970x138
P,970x330pr0754,970x330
P,3626cpr9816,3626c
A,13305c01,11841c01
P,65405pr0003,65405
A,13305c01,11841c02
A,13305c01,11841c03
P,973c34h12pr8753,973c34h12
P,973c01h01pr9945,973c01h01
P,973c27h01pr1190,973c27h01
P,973c01h03pr4378,973c01h03
P,973c22h03pr1868,973c22h03
P,973c11h23pr4423,973c11h23
P,973c31h03pr3725,973c31h03
P,970x194pr1277,970x194
P,973c27h27pr3262,973c27h27
P,973c03h03pr4005,973c03h03
P,973c03h27pr4020,973c03h27
P,973c31h03pr0069,973c31h03
P,973c01h01pr0039,973c01h01
P,973c27h01pr0071,973c27h01
P,973c01h03pr4128,973c01h03
P,24496pr0024,24496
P,973c03h03pr3985,973c03h03
P,4066pr0072,4066
M,upn0175,716
P,973c22h01pr3659,973c22h01
A,dupfig0001pr0002,dupfig0001pr0001
P,970c00pr9946,970c00
P,92081pr0001,92081
P,3626cpr9933,3626c
P,3626cpr9932,3626c
P,973c02h02pr5156,973c02h02
P,970c00pr9945,970c00
P,970c00pr9944,970c00
P,3626cpr9931,3626c
P,3626cpr9930,3626c
T,973c21h21,973c00
P,973c02h02pr5163,973c02h02
P,973c02h02pr1558,973c02h02
P,973c02h02pr3917,973c02h02
P,3626cpr9929,3626c
M,34816,26597
P,63864pr0017,63864
P,3068bpr0367,3068b
P,973c03h01pr0044,973c03h01
P,973c27h01pr0012,973c27h01
P,973c01h01pr3080,973c01h01
P,973c22h27pr0003,973c22h27
P,973c03h01pr0021,973c03h01
P,973c27h01pr0007,973c27h01
P,973c28h01pr0004,973c28h01
M,18859,3961
P,45677pr0007,45677
P,973c03h27pr0006,973c03h27
P,973c01h01pr0006,973c01h01
P,973c28h03pr0007,973c28h03
P,973c22h03pr0078,973c22h03
P,973c17h01pr0042,973c17h01
P,970c00pr9976,970c00
P,98367pr0002,98367
P,973c28h01pr0031,973c28h01
B,631,630
B,632,630
B,633,630
B,634,630
B,635,630
B,636,630
B,637,630
P,970c00pr0743,970c00
P,3626cpr1946,3626c
P,973c27h01pr0016,973c27h01
P,973c03h27pr0170,973c03h27
P,973c03h03pr0090,973c03h03
P,973c22h22pr0090,973c22h22
P,973c03h01pr0267,973c03h01
P,973c28h01pr1245,973c28h01
P,970x138pr0001,970x138
R,4915,4914
P,3678bpr0019,3678b
A,973c02h02pr4133,973c02h02pr1958
P,14734pr0004,14734
P,970c00pr9943,970c00
P,3626cpr9926,3626c
P,35103pr0001,35103
P,3961pr0004,3961
P,973c01h01pr9995,973c01h01
P,3626cpr9925,3626c
P,3626cpr9924,3626c
P,970c00pr9942,970c00
M,50340,60471
P,3068bpr0373,3068b
P,87079pr0166,87079
P,87079pr0168,87079
P,87552pr0005,87552
P,35103pr0002,35103
P,3626cpr9922,3626c
P,970c00pr9940,970c00
P,3626cpr9921,3626c
B,4788,4788c01
R,4789,4788
B,4789,4788c01
B,30462,40245c00
P,30258pr0001,30258
R,30699,56904
P,90398pr0035,90398
P,3626cpr2710,3626c
P,3626cpr2715,3626c
P,3626cpr2716,3626c
P,973c02h02pr4385,973c02h02
P,3622pr0042,3622
P,3010pr0055,3010
P,3010pr0056,3010
P,3069bpr0245,3069b
P,3069bpr0246,3069b
P,3004pr0041,3004
P,3004pr0042,3004
P,85984pr0019,85984
P,87079pr0164,87079
P,15068pr0027,15068
P,14769pr9999,14769
P,24496pr0011,24496
P,970c00pr9939,970c00
P,970c00pr9938,970c00
P,970c00pr9937,970c00
P,970c00pr9936,970c00
P,3626cpr9920,3626c
P,3626cpr9919,3626c
P,3626cpr9918,3626c
P,3626cpr9917,3626c
P,93220pr0004,93220
P,93553pr0001,93553
P,3005pr0019,3005
P,3010pr0057,3010
P,3010pr0058,3010
P,2431pr0138,2431
P,87079pr0173,87079
P,3010pr0059,3010
P,2431pr0136,2431
P,2431pr0137,2431
P,3245cpr0146,3245c
P,3245cpr0145,3245c
P,2431pr0139,2431
P,36036pr0010,36036
P,3010pr0035,3010
R,3010pr0034,3010pr0035
P,3245cpr9997,3245c
P,3010pr9992,3010
P,60616bpr0001,60616b
P,973c22h01pr1485,973c22h01
P,973c22h01pr3082,973c22h01
P,973c28h01pr1470,973c28h01
P,973c22h12pr2930,973c22h12
P,973c27h01pr1196,973c27h01
P,973c27h01pr3083,973c27h01
P,973c31h01pr2875,973c31h01
P,973c31h01pr3655,973c31h01
B,6053,6053c02
B,6050,6051c05
P,30370pr0011,30370
P,3069bpr0258,3069b
P,3069bpr0256,3069b
P,3626cpr2885,3626c
P,970c00pr1702,970c00
P,31111pr0011,31111
P,31111pr0003,31111
P,2302pr0015,2302
R,2230pr0001,2332b
R,2230pr0001,2231
R,35185,18947
A,3940b,3940a
M,776pr0012,777pr0012
P,3626cpr0692,3626c
P,14718pr0002,14718
P,970c00pr1726,970c00
M,3626bpr0648,3626cpr0648
P,3626cpr2935,3626c
P,3626cpr2969,3626c
P,970c00pr1745,970c00
A,973c26h02pr4890,973c26h02pr3052
P,3626cpr2972,3626c
B,6053,6053c03
B,6053,6053c04
B,6053,6053c05
B,6052,6053c02
B,6052,6053c03
B,6052,6053c04
B,6052,6053c05
B,6051,6051c02
B,6051,6051c03
B,6051,6051c04
B,6051,6051c05
B,6050,6051c02
B,6050,6051c03
P,973c27h01pr3430,973c27h01
P,3037pr0007,3037
P,98138pr0110,98138
P,3068bpr0136,3068b
P,31111pr0012,31111
P,31111pr0013,31111
P,31111pr0014,31111
P,31111pr0015,31111
P,31111pr0016,31111
P,31111pr0009,31111
P,4198pr0007,4198
R,2230pr0001,29307
R,18946,35186
A,19798,3940a
P,3626cpr2912,3626c
P,4740pr0014,4740
P,970c00pr1710,970c00
P,3626cpr3025,3626c
T,49656pat0002,49656
B,6050,6051c04
P,3005pr9991,3005
P,3068bpr9995,3068b
P,3626cpr9916,3626c
P,970c00pr9935,970c00
P,1022Apr0005,1022A
P,973c31h01pr4294,973c31h01
P,973c28h01pr4204,973c28h01
B,41820,41819c01
P,90462pr0004,90462
P,90462pr0005,90462
P,3626bpr0504,3626b
P,3069bpr0255,3069b
P,973c02h02pr2432,973c02h02
P,973c03h02pr1327,973c03h02
P,3960pr0039,3960
P,973c02h02pr2626,973c02h02
R,2147c01,2146
P,14769pr1130,14769
P,3626cpr9914,3626c
P,973c02h02pr3927,973c02h02
P,3626cpr9913,3626c
P,973c02h02pr1410,973c02h02
P,973c02h02pr9650,973c02h02
P,970c00pr9933,970c00
R,scalaupn0015,scalaupn0016
B,scalaupn0015,scalaupn0092
B,scalaupn0016,scalaupn0092
P,4066pr0074,4066
P,4066pr0075,4066
P,31111pr9981,31111
P,3626cpr9912,3626c
P,3626cpr9911,3626c
P,3626cpr9910,3626c
P,3001pr0003,3001
P,3626cpr2723,3626c
P,3626cpr2722,3626c
P,3626cpr2720,3626c
P,3626cpr2721,3626c
P,970c00pr1587,970c00
P,970c00pr1588,970c00
P,973c02h02pr1373,973c02h02
P,973c02h02pr9699,973c02h02
P,973c02h02pr4706,973c02h02
P,973c21h21pr1738,973c21h21
B,36752a,36752
P,90398pr0024,90398
P,90398pr0038,90398
P,90398pr0042,90398
P,90398pr0030,90398
P,90398pr0045,90398
P,90398pr0041,90398
P,90398pr0037,90398
P,90398pr0029,90398
P,90398pr0046,90398
P,90398pr0027,90398
P,90398pr0047,90398
P,90398pr0044,90398
P,90398pr0036,90398
P,90398pr0039,90398
P,90398pr0025,90398
P,90398pr0026,90398
P,36036pr0002,36036
P,4066pr0076,4066
P,4066pr0077,4066
P,4066pr0078,4066
A,74201c02,74201c01
P,4066pr0079,4066
P,6462pr0001,6462
M,3245b,3245c
M,3245b,3245a
P,4066pr0080,4066
P,31111pr0002,31111
P,973c27h03pr0298,973c27h03
M,45473a,45473u
P,4198pr0010,4198
M,45473b,45473a
M,45473b,45473u
P,3626cpr2945,3626c
P,3626cpr2947,3626c
P,973c02h02pr3627,973c02h02
P,973c27h03pr0117,973c27h03
P,973c27h01pr2814,973c27h01
P,973c02h02pr3488,973c02h02
P,45705pr0005,45705
P,98138pr0118,98138
M,3626bpr0645,3626cpr0645
M,3626bpr0677,3626cpr0677
P,973c02h02pr3274,973c02h02
A,973c02h02pr3274,973c02h02pr1958
M,3626cpr0216,3626bpr0216
M,3626cpr0855,3626bpr0855
P,24093pr0018,24093
R,24093pr0018,24324
R,6573,6539
R,6573,18947
R,35185,32187
R,6542a,32187
R,6542b,32187
R,18947,35188
P,15875c01pr0009,15875
M,3626bpr1540,3626cpr1540
M,3626cpr0360,3626bpr0360
M,3626cpr0565,3626bpr0565
M,3626bpr0275,3626cpr2864
P,973c02h02pr1851,973c02h02
P,973c02h02pr1982,973c02h02
P,973c02h02pr2017,973c02h02
M,3626bpr1546,3626cpr1546
M,3626bpr1550,3626cpr1550
M,3626bpr1552,3626cpr1552
M,3626cpr0813,3626bpr0813
M,3626bpr1545,3626cpr1545
M,3626cpr0753,3626bpr0753
M,3626cpr0564,3626bpr0564
P,973c02h02pr2655,973c02h02
P,973c02h02pr2798,973c02h02
M,3626cpr0569,3626bpr0569
M,3626bpr1541,3626cpr1541
B,upn0146a,upn0146
R,upn0146a,upn0146b
R,10124pr0002,10154pr0002
R,10154pr0011,37838pr0002
R,46243,46242
P,2431pr0151,2431
B,98138pr0143,67222
P,98138pr0144,98138
R,65429,65426
P,10bpr0009,10b
M,309pr0003,309pr0004
R,46304,39510
M,3010pr0001,3010apr0001
M,3010pr9965,3010apr0002
P,1022Apr0006,1022A
M,88930pr0006,61068pr0001
M,15068pr0007,15068pr0015
P,21560pr0006,21560
P,3062cpr0001,3062c
R,61287pr0007,61287pr0006
M,61287pr0002,61287pr0004
A,86500,30208
M,3660pr0007,3660pr0006
P,14736pr0003,14736
T,15678pat0004,15678
P,11408c01pr0116,11408c01
P,3626cpr3270,3626c
P,3626cpr3211,3626c
P,973c02h02pr1673,973c02h02
A,973c02h02pr1673,973c26h26pr0094
P,3626cpr3229,3626c
P,3626cpr3234,3626c
P,3626cpr9815,3626c
P,3626cpr3242,3626c
P,3626cpr3243,3626c
P,3626cpr3244,3626c
A,973c26h02pr1802,973c26h02pr0290
P,3626cpr3220,3626c
P,3626cpr3208,3626c
P,30598pr0001,30598
P,30598pr0002,30598
P,30598pr0003,30598
P,30598pr0004,30598
P,3626cpr3248,3626c
P,3626cpr3250,3626c
P,3626cpr3249,3626c
P,30598pr0005,30598
P,30598pr0006,30598
P,30598pr0007,30598
P,30598pr0008,30598
P,3626cpr9814,3626c
P,3626cpr3231,3626c
P,3626cpr9813,3626c
P,3626cpr9812,3626c
P,3626cpr3245,3626c
A,2214,12602
P,3626cpr3247,3626c
P,3626cpr3226,3626c
P,45896pr0008,45896
P,3626cpr3224,3626c
P,4162pr0006,4162
P,14769pr1163,14769
P,3626cpr3236,3626c
P,3626cpr3237,3626c
P,3626cpr3238,3626c
P,3626cpr3239,3626c
P,3626cpr3240,3626c
M,upn0322b,upn0322a
P,3626cpr3209,3626c
P,970c00pr9923,970c00
P,970c00pr9925,970c00
P,3626cpr9827,3626c
P,970x026pr0004,970x026
P,970c00pr9930,970c00
P,75902pr0008,75902
P,970c00pr9931,970c00
P,75902pr0014,75902
P,98165pr0014,98165
P,3626cpr9826,3626c
P,43693pr0005,43693
P,3626cpr9825,3626c
P,49418pr0001,49418
P,3626cpr9824,3626c
P,2654pr0017,2654
P,98162pr0008,98162
P,44375bpr0007,44375b
P,3005pr0024,3005
P,30602pr0008,30602
P,6239pr0007,6239
P,37407pr0001,37407
P,98165pr0015,98165
P,98071pr0012,98071
P,98072pr0012,98072
P,65474pr0006,65474
P,47753pr0012,47753
P,60603pr0008,60603
P,28631pr0299,28631
P,24593pr0010,24593
P,37352pr0002,37352
P,30363pr0008,30363
P,15068pr0042,15068
P,3437pr0135,3437
P,14222pr0013,14222
P,98223pr0018,98223
P,98225pr0008,98225
P,76371pr9999,76371
P,76371pr0179,76371
P,11170pr0011,11170
M,25548,65085
M,3626bpr0869,3626bpr0869
P,776pr0013,776
M,776pr0015,777pr0015
R,10124pr0002,29780
P,3626cpr3195,3626c
A,973c02h02pr1673,973c02h02pr4385
P,98138pr0134,98138
P,98138pr0136,98138
M,76371pr0001,4066pr0151
P,98138pr0147,98138
P,98138pr0148,98138
P,98138pr0152,98138
A,2525pr0002,2525pr0006
P,21019c00pat010pr0002,21019c00pat010
P,3626cpr1992,3626c
P,6177bpr0002,6177b
P,15210pr9999,15210
A,15210pr9999,15210pr0005
R,86057,86058
P,28621pr3143,28621
B,upn0186,737c01
M,28621pr9999,3626cpr9873
P,28621pr9999,28621
P,3626cpr9843,3626c
M,3626cpr0409,3626bpr0409
R,4669,4670
P,3626cpr9850,3626c
P,28621pr3148,28621
P,970c00pr9891,970c00
A,367a,367
P,10bpr0002,10b
P,10bpr0003,10b
P,10bpr0005,10b
M,3857,374
M,3005pr0004,3005pr9969
M,3245apr0003,772pr0001
P,973c02h02pr4317,973c02h02
R,61287pr0004,61287pr0005
P,98223pr0019,98223
P,11198pr0004,11198
P,27372pr0009,27372
P,18652pr0001,18652
P,76371pr0180,76371
M,39893,30386
M,57697,41532
A,47509,16265
P,31213pr0010,31213
M,2418a,2418b
R,54190,54189
R,54358,54189
R,902097,54189
R,759532,759528c01
R,759533,759528c02
R,71094,upn0035
R,71093,71094
B,85544,6049329
A,51149,6641
P,3068bpr9989,3068b
P,3068bpr9988,3068b
P,3068bpr9976,3068b
P,3068bpr9991,3068b
P,3068bpr9998,3068b
P,26603pr0040,26603
P,3003pr0137,3003
P,3003pr0138,3003
P,3004pr0138,3004
P,3622pr0056,3622
P,37352pr0004,37352
P,14769pr1166,14769
P,30350bpr0015,30350b
P,1022Apr0032,1022A
R,58101pr0001,49242
P,1022Apr0031,1022A
R,68891pr0001,49242
P,66792pr0017,66792
M,30387,54661
P,6179pr9992,6179
P,6179pr9991,6179
P,6179pr9990,6179
P,6179pr9989,6179
M,3626bpr0029,3626apr0004
B,45707b,4518bc02
B,4518c,4518bc02
P,3004pr0062,3004
P,30144pr0030,30144
B,98138pr0171,67217
P,28621pr3230,28621
P,28621pr3235,28621
B,3712,9244
R,upn0188,4255
B,upn0188,731
R,upn0188,4254
P,3626cpr9811,3626c
P,970c00pr9890,970c00
B,4255,76537
B,4255,73129
B,4255,76138
M,upn0188,upn0188a
M,upn0188,upn0188b
M,upn0188,upn0188c
B,upn0188a,76138
B,upn0188b,73129
B,upn0188b,731c02
B,upn0188c,76537
B,731c04,76138
A,76320c02,76320c01
A,93598pr0003,93598pr0010
P,62576pr0001,62576
A,52979,50747
P,30083pr0001,30083
A,18990pr0002,18990pr0001
A,30366pr0008,30366pr0005
B,upn0370,2584c02
B,upn0370,2584c03
B,upn0370,2584c06
B,upn0370,2584c07
B,2585,2584c01
B,2585,2584c03
B,2585,2584c05
B,2585,2584c09
R,2585,2584
A,56823c75,14728c75
A,56823c50,14728c50
A,56823c30,14728c50
A,56823c200,14728c50
A,56823c100,14728c100
M,3626cpr0582,3626bpr0582
M,3626bpr1539,3626cpr1539
M,3626cpr0006,3626bpr0671
M,3626cpr0445,3626bpr0445
M,3626cpr0662,3626bpr0662
M,3626cpr0816,3626cpr0816
M,3626cpr0642,3626bpr0642
M,3626bpr0223,3626cpr0792
M,3626cpr0806,3626bpr0806
M,3626cpr0541,3626bpr0541
P,3626cpr1859,3626c
P,3626cpr9978,3626c
P,3626cpr9903,3626c
P,3626cpr2140,3626c
P,3626cpr1554,3626c
P,3626bpr0585,3626b
P,973c27h01pr4665,973c27h01
P,2431pr0201,2431
P,90509pr0001,90509
P,3626cpr9880,3626c
R,11950,35189
R,92909,32494
R,35189,32494
M,3626bpr1543,3626cpr1543
P,970x140pr9976,970x140
P,970x140pr1145,970x140
P,970x140pr1130,970x140
P,970x140pr1026,970x140
P,970x140pr0938,970x140
P,970x140pr0803,970x140
P,970x140pr0787,970x140
P,970x140pr0784,970x140
P,970x140pr0780,970x140
P,970x140pr0675,970x140
P,970x140pr0662,970x140
P,970x140pr0571,970x140
P,970x140pr0474,970x140
P,970x140pr0430,970x140
P,970x140pr0292,970x140
P,970x140pr0074,970x140
P,970x119pr0589,970x119
M,776pr0014,777pr0014
P,970x119pr1099,970x119
P,970x141pr1381,970x141
P,970x141pr0673,970x141
P,970x141pr0565,970x141
P,970x322pr0317,970x322
P,970x308pr9983,970x308
P,970x308pr1554,970x308
P,970x308pr0966,970x308
P,970x308pr0961,970x308
P,970x308pr0551,970x308
P,970x308pr0545,970x308
P,970x308pr0515,970x308
P,970x308pr0448,970x308
P,970x308pr0312,970x308
P,970x308pr0310,970x308
P,970x308pr0712,970x308
P,970x106pr0676,970x106
P,970x106pr0707,970x106
P,970x106pr0818,970x106
P,970x106pr1520,970x106
P,970x135pr0370,970x135
P,970x135pr0400,970x135
P,970x135pr1269,970x135
P,970x005pr1361,970x005
P,970x005pr0496,970x005
P,970x199pr0973,970x199
P,970x199pr0785,970x199
P,970x199pr0723,970x199
P,970x199pr0721,970x199
P,970x199pr0703,970x199
P,970x199pr0669,970x199
P,970x199pr0660,970x199
P,970x199pr0569,970x199
P,970x199pr0568,970x199
P,970x199pr0566,970x199
P,970x199pr0386,970x199
P,970x199pr0378,970x199
P,970x199pr0335,970x199
P,970x021pr1435,970x021
P,970x021pr1126,970x021
P,970x021pr1029,970x021
P,970x021pr0936,970x021
P,970x021pr0570,970x021
P,970x021pr0316,970x021
P,970x021pr0003,970x021
P,970x021pr9997,970x021
P,970x154pr0802,970x154
P,970x154pr0808,970x154
P,970x154pr0811,970x154
P,970x154pr0831,970x154
P,970x154pr0987,970x154
P,970x154pr1507,970x154
P,970x154pr0801,970x154
P,970x154pr0799,970x154
P,970x154pr0797,970x154
P,970x154pr0769,970x154
P,970x154pr0767,970x154
P,970x154pr0766,970x154
P,970x154pr0757,970x154
P,970x154pr0672,970x154
P,970x154pr0671,970x154
P,970x154pr0668,970x154
P,970x154pr0666,970x154
P,970x154pr0558,970x154
P,970x154pr0546,970x154
P,970x154pr0537,970x154
P,970x154pr0498,970x154
P,970x154pr0443,970x154
P,970x154pr0436,970x154
P,970x154pr0434,970x154
P,970x154pr0256,970x154
P,970x154pr0241,970x154
P,970x194pr1501,970x194
P,776pr9999,776
P,970x194pr1173,970x194
P,970x194pr0849,970x194
P,970x194pr0695,970x194
P,970x194pr0657,970x194
P,970x194pr0535,970x194
P,970x194pr0482,970x194
P,970x194pr0449,970x194
P,970x001pr0914,970x001
P,970x001pr1127,970x001
P,970x001pr1391,970x001
M,65084,13355
B,20273a,20273c01
P,14769pr1155,14769
P,970x001pr1538,970x001
P,970x001pr0858,970x001
P,970x001pr0250,970x001
P,970x001pr1541,970x001
P,970x001pr0836,970x001
P,970x001pr0835,970x001
P,970x001pr0760,970x001
P,970x001pr0743,970x001
P,970x001pr0696,970x001
P,970x001pr0677,970x001
P,970x001pr0500,970x001
P,970x001pr0113,970x001
P,970x001pr0002,970x001
B,20273b,20273c01
P,970x001pr1715,970x001
P,970x192pr1698,970x192
P,970x140pr1699,970x140
B,upn0146b,upn0146
P,970x140pr0953,970x140
B,upn0007a,upn0007c01
P,970x192pr1620,970x192
P,970x001pr1626,970x001
P,970x023pr1617,970x023
P,970x026pr1632,970x026
P,970x026pr1614,970x026
P,970x026pr1631,970x026
P,970x221pr1625,970x221
P,970x330pr1616,970x330
P,970x330pr1615,970x330
P,970x028pr9964,970x028
R,10154pr0001,18999
P,970x026pr1721,970x026
P,1022Apr0008,1022A
P,970c00pr1210,970c00
P,1022Apr0034,1022A
P,98138pr0135,98138
P,970c00pr9981,970c00
P,970c00pr9975,970c00
P,970c00pr9986,970c00
P,970c00pr9991,970c00
P,970c00pr9985,970c00
P,970c00pr9982,970c00
P,970c00pr1011,970c00
P,970c00pr0592,970c00
P,36036pr9999,36036
P,970x140pr0949,970x140
P,36036pr9998,36036
P,36036pr0016,36036
P,36036pr0003,36036
P,970c00pr9995,970c00
P,970x154pr9962,970x154
P,970x194pr9965,970x194
P,970x026pr0398,970x026
P,970x028pr0822,970x028
P,970x021pr0716,970x021
P,970x194pr1578,970x194
M,65082,21996
T,21019c00pat001,21019c00
P,36036pr9997,36036
T,21019c00pat003,21019c00
T,21019c00pat010,21019c00
T,21019c00pat009,21019c00
P,21019c00pat004pr0982,21019c00pat004
P,21019c00pat004pr0921,21019c00pat004
P,21019c00pat004pr1403,21019c00pat004
P,21019c00pat004pr1241,21019c00pat004
P,21019c00pat004pr1106,21019c00pat004
P,21019c00pat004pr1755,21019c00pat004
P,21019c00pat004pr9930,21019c00pat004
P,21019c00pat004pr9931,21019c00pat004
P,21019c00pat004pr0920,21019c00pat004
P,21019c00pat005pr1494,21019c00pat005
P,21019c00pat005pr1176,21019c00pat005
P,21019c00pat002pr1404,21019c00pat002
P,21019c00pat002pr1430,21019c00pat002
P,21019c00pat002pr1523,21019c00pat002
P,21019c00pat002pr1104,21019c00pat002
P,21019c00pat003pr1641,21019c00pat003
P,21019c00pat010pr1116,21019c00pat010
P,21019c00pat001pr1035,21019c00pat001
P,21019c00pat001pr1098,21019c00pat001
P,21019c00pat004pr1589,21019c00pat004
P,970c00pr9980,970c00
P,970c00pr9974,970c00
P,970c00pr2015,970c00
P,970c00pr9992,970c00
P,970c00pr2551,970c00
P,970c00pr1171,970c00
P,21019c00pat006pr1107,21019c00pat006
P,21019c00pat004pr1567,21019c00pat004
P,21019c00pat004pr1439,21019c00pat004
M,54662,30554
P,973c02h02pr3765,973c02h02
P,22385pr0107,22385
R,35189,23801
R,35189,11949
P,3626cpr9879,3626c
A,973c26h02pr3066,973c26h02pr1808
P,973c21h21pr2222,973c21h21
M,3626cpr0126,3626bpr0126
M,3626cpr0513,3626bpr0513
T,21019c00pat011,21019c00
P,21019c00pat011pr1111,21019c00pat011
P,21019c00pat011pr1635,21019c00pat011
P,973c21h21pr1339,973c21h21
P,1021Apr0028,1021A
P,21019c00pat012pr1265,21019c00pat012
P,970x026pr9999,970x026
P,21019c00pat011pr1665,21019c00pat011
P,21019c00pat012pr1566,21019c00pat012
P,21019c00pat010pr1428,21019c00pat010
P,21019c00pat010pr9959,21019c00pat010
P,21019c00pat011pr1522,21019c00pat011
P,21019c00pat011pr1114,21019c00pat011
P,21019c00pat011pr1170,21019c00pat011
P,21019c00pat004pr1605,21019c00pat004
P,21019c00pat004pr1033,21019c00pat004
P,21019c00pat004pr1214,21019c00pat004
P,21019c00pat003pr1667,21019c00pat003
P,21019c00pat009pr1639,21019c00pat009
P,21019c00pat002pr1197,21019c00pat002
P,970x199pr1392,970x199
P,970c00pr0779,970c00
P,21019c00pat011pr1109,21019c00pat011
P,970x199pr1302,970x199
P,970x199pr1293,970x199
P,970x199pr1383,970x199
P,21019c00pat004pr1032,21019c00pat004
P,21019c00pat005pr1351,21019c00pat005
T,21019c00pat013,970c00
P,970x026pr1536,970x026
P,970x026pr1628,970x026
P,970x194pr0999,970x194
P,30144pr0002,30144
P,970x199pr1359,970x199
P,970x026pr0810,970x026
P,970x199pr0845,970x199
P,21019c00pat006pr9999,21019c00pat006
P,21019c00pat005pr1041,21019c00pat005
P,21019c00pat010pr1187,21019c00pat010
P,21019c00pat005pr1039,21019c00pat005
P,970x308pr9999,970x308
P,21019c00pat005pr1422,21019c00pat005
P,970c00pr2345,970c00
P,21019c00pat012pr1219,21019c00pat012
P,21019c00pat004pr1108,21019c00pat004
P,21019c00pat004pr1097,21019c00pat004
T,21019x192pat01,970c00
P,16925c01pr0150,16925
P,21019c00pat022pr1036,21019c00pat022
P,21019c00pat005pr1739,21019c00pat005
P,21019c00pat005pr1123,21019c00pat005
P,21019c00pat022pr1708,21019c00pat022
P,42025pr0003,42025
P,23925pr0001,23925
P,21019c00pat004pr1756,21019c00pat004
P,21019c00pat004pr1582,21019c00pat004
P,21019c00pat004pr1120,21019c00pat004
P,21019c00pat004pr9923,21019c00pat004
P,23925pr0002,23925
P,21019c00pat013pr1450,21019c00pat013
P,970x025pr9999,970x025
P,3626cpr9878,3626c
P,970c00pr9913,970c00
R,upn0032,6154
P,970x199pr9998,970x199
P,6636pr0023,6636
R,61927b,61904
R,61927b,61905
R,61927a,61904
R,61927a,61905
M,3626bpr1138,3626cpr1138
M,3626bpr0726,3626cpr0726
A,43909pr0013,43909pr0012
P,970x005pr1013,970x005
P,1022Apr0009,1022A
P,3626cpr2924,3626c
P,3626cpr2925,3626c
P,3626cpr2926,3626c
P,3626cpr2927,3626c
P,98138pr0120,98138
P,98138pr0105,98138
T,54821pat0001,54821
B,2147c00,fabupn0009c01
B,2147c01,fabupn0009c01
B,fabupn0009,fabupn0009c01
R,fabupn0009,2147c00
R,fabupn0009,2147c01
P,45677pr0009,45677
P,970x005pr1122,970x005
P,36036pr0011,36036
P,36036pr0012,36036
P,75902pr0018,75902
P,3068bpr0391,3068b
P,98138pr0114,98138
P,98138pr0113,98138
P,98138pr0099,98138
M,46376,60770
P,21019c00pat004pr1590,21019c00pat004
A,31216c02,31216c01
T,973c11h02,973c00
P,970x199pr0903,970x199
P,776pr0015,776
P,970d01pr0907,970d00
T,970d02,970d00
P,970d30pr0944,970d00
P,970d19pr0800,970d00
P,970d22pr0670,970d00
P,970d15pr1299,970d00
P,970d28pr0001,970d00
P,970d31pr1193,970d00
P,30144pr0003,30144
M,93348,4858
P,59349pr0004,59349
P,30144pr0004,30144
P,30144pr0005,30144
R,4035,4036
P,76371pr0149,76371
M,2876,13269
P,3068bpr0397,3068b
P,3068bpr0398,3068b
P,3068bpr0396,3068b
P,3068bpr0399,3068b
P,76371pr0148,76371
P,3626cpr9876,3626c
P,30144pr0108,30144
P,3626cpr9875,3626c
R,4071,4611
R,4071,4072
P,26603pr0029,26603
P,973c27h01pr9810,973c27h01
P,3626cpr9874,3626c
A,31155c02,31155c01
A,31155c03,31155c01
A,31155c03,31155c02
P,15068pr9998,15068
A,30391,92402
P,18905pr0002,18905
P,98138pr9996,98138
P,3069bpr0266,3069b
P,3069bpr0269,3069b
P,24496pr0014,24496
P,3626cpr3028,3626c
P,3626cpr3030,3626c
P,3068bpr0409,3068b
P,3068bpr0413,3068b
P,25128c01pr0004,25128c01
P,25128c01pr0005,25128c01
P,3626cpr3041,3626c
P,3626cpr3042,3626c
P,3626cpr3043,3626c
P,3626cpr3039,3626c
P,3626cpr3040,3626c
P,87079pr0203,87079
P,87079pr0204,87079
P,3626cpr2968,3626c
P,3626cpr2973,3626c
P,3626cpr3012,3626c
P,3626cpr2964,3626c
P,3626cpr2965,3626c
P,3626cpr2966,3626c
P,3626cpr2967,3626c
P,3626cpr3032,3626c
P,3626cpr3031,3626c
P,3626cpr3033,3626c
P,3626cpr3036,3626c
P,3626cpr3035,3626c
P,19729pr0034,19729
P,19729pr0033,19729
M,776pr9999,777pr0018
P,30350cpr0010,30350c
P,3626cpr3013,3626c
P,3626cpr3021,3626c
P,63864pr0031,63864
R,46304,28583
P,3626cpr2991,3626c
P,3626cpr2986,3626c
P,3626cpr3000,3626c
P,3068bpr0407,3068b
P,3622pr0054,3622
P,2431pr0142,2431
P,3068bpr0410,3068b
P,3068bpr0411,3068b
P,3068bpr0412,3068b
P,6179pr9999,6179
P,3004pr9997,3004
P,2446pr0018,2446
P,2654pr0014,2654
R,20273b,20273a
A,14769,4150
A,97895,2610
A,97895,38781
A,97895,24184
A,2610,38781
A,2610,24184
R,4273b,4265a
P,973c21h21pr2721,973c21h21
P,98560pr0002,98560
P,3069bpr0271,3069b
P,23925pr0003,23925
P,973c27h03pr0055,973c27h03
R,4276a,4275a
R,4275b,4276a
R,4275a,4276b
P,3626cpr3003,3626c
P,3626cpr0706,3626c
P,3626cpr0549,3626c
P,3626cpr9873,3626c
P,3626cpr9872,3626c
P,3069bpr0725,3069b
R,768,3691
R,4350c01,4352
P,3068apr0006,3068a
P,970c00pr1744,970c00
P,970x026pr9912,970x026
P,3678bpr0095,3678b
M,3626cpr0706,3626bpr0706
T,48176pat0001,48176
T,43853pat0001,43853
R,2715,2716
R,6119,2446
A,973c14h23pr4822,973c14h01pr3451
P,3626cpr9871,3626c
P,3626cpr9870,3626c
B,4350c01,4350c02
B,4352,4350c02
P,3626cpr9865,3626c
A,2793c01,2793c02
R,46304,30171
P,3626cpr2981,3626c
P,3626cpr2982,3626c
P,3626cpr2983,3626c
P,3626cpr2985,3626c
P,3626cpr2987,3626c
P,3626cpr2989,3626c
P,3626cpr2990,3626c
P,3626cpr2992,3626c
P,3626cpr2993,3626c
P,3626cpr2988,3626c
P,3626cpr2996,3626c
P,3626cpr2997,3626c
P,3626cpr2998,3626c
P,3626cpr2994,3626c
P,3626cpr2999,3626c
P,3626cpr3002,3626c
P,973c27h03pr0118,973c27h03
P,26603pr0022,26603
P,3960pr0037,3960
P,3626cpr3073,3626c
P,3626cpr3074,3626c
P,3626cpr3075,3626c
P,2431pr0147,2431
P,57895pr0017,57895
P,3626cpr3037,3626c
P,3626cpr3038,3626c
P,26603pr0026,26603
P,18277pr0002,18277
P,39144pr0001,39144
P,27925pr0001,27925
P,3069bpr0260,3069b
P,3069bpr0261,3069b
P,26603pr0023,26603
P,26603pr0024,26603
P,3005pr0021,3005
P,24093pr0020,24093
P,2587pr0020,2587
T,973c37h01,973c00
M,30258pr0001,15210pr0005
T,39381pat0189,39381
P,3068bpr9987,3068b
P,3068bpr9986,3068b
P,3068bpr9985,3068b
P,3068bpr9984,3068b
P,3068bpr9983,3068b
R,30046,48490
P,3068bpr0025,3068b
R,46835,46834
R,30663,30640
P,973c21h21pr1987,973c21h21
P,3626cpr2325,3626c
P,1011Cpr0001,1011C
M,28802,10201
M,28802,2436
P,1011Cpr0003,1011C
P,1011Cpr0004,1011C
P,1011Cpr0005,1011C
P,1011Cpr0006,1011C
P,1011Cpr0007,1011C
P,1011Cpr0008,1011C
P,1011Cpr0009,1011C
P,1011Cpr0010,1011C
P,1011Cpr0011,1011C
P,1011Cpr0012,1011C
P,1011Cpr0013,1011C
P,1011Cpr0014,1011C
P,1011Cpr0015,1011C
P,1548pr0002,1548
P,1548pr0001,1548
P,1548pr0003,1548
P,1548pr0004,1548
P,1542pr0001,1542
P,1542pr0002,1542
P,1542pr0003,1542
P,1542pr0004,1542
P,1544pr0001,1544
P,1544pr0002,1544
P,1544pr0003,1544
P,1544pr0004,1544
P,1552pr0001,1552
P,1552pr0002,1552
P,1552pr0003,1552
P,1552pr0004,1552
P,1553pr0001,1553
P,1553pr0002,1553
P,1553pr0003,1553
P,1553pr0004,1553
P,1555pr0001,1555
P,1555pr0002,1555
P,1555pr0003,1555
P,1555pr0004,1555
P,1562pr0001,1562
P,1562pr0002,1562
P,1562pr0003,1562
P,1562pr0004,1562
P,1563pr0001,1563
P,1563pr0002,1563
P,1563pr0003,1563
P,1563pr0004,1563
P,1565pr0001,1565
P,1565pr0002,1565
P,1565pr0003,1565
P,1565pr0004,1565
P,1566pr0001,1566
P,1566pr0002,1566
P,1566pr0003,1566
P,1566pr0004,1566
P,1575pr0001,1575
P,1575pr0002,1575
P,1575pr0003,1575
P,1575pr0004,1575
P,1576pr0001,1576
P,1576pr0002,1576
P,1576pr0003,1576
P,1576pr0004,1576
P,1586pr0001,1586
P,1586pr0002,1586
P,1586pr0003,1586
P,1586pr0004,1586
P,1011Cpr0016,1011C
P,1011Cpr0017,1011C
P,1011Cpr0018,1011C
P,1011Cpr0019,1011C
P,1011Cpr0020,1011C
P,1011Cpr0022,1011C
P,1011Cpr0023,1011C
P,1011Cpr0024,1011C
P,1011Cpr0025,1011C
P,1011Cpr0027,1011C
P,1011Apr0030,1011A
P,1011Apr0031,1011A
P,1011Cpr0029,1011C
P,1011Apr0032,1011A
P,1011Apr0033,1011A
P,1011Apr0034,1011A
P,1011Apr0035,1011A
P,1011Apr0036,1011A
P,1011Apr0037,1011A
P,1011Apr0038,1011A
P,1011Cpr0021,1011C
P,1011Cpr0002,1011C
B,33267,33232c01
B,33064,33232c01
P,30144pr0006,30144
B,fabupn0011pr0003,upn0294c03pr0001
B,fabupn0011,upn0294c01
B,fabupn0011,upn0294c02
B,fabupn0011,upn0294c03
B,fabupn0011,upn0294c04
B,upn0294,upn0294c01
B,upn0294,upn0294c02
B,upn0294,upn0294c03
B,upn0294,upn0294c03pr0001
B,upn0294,upn0294c04
B,6808,33037c01
B,6809,33037c01
P,1021Bpr0001,1021B
P,1021Apr0169,1021A
P,1021Apr0180,1021A
P,1021Apr0129,1021A
R,3730,3731
P,970c00pr1791,970c00
P,1021Apr0007,1021A
P,1021Apr0008,1021A
P,1021Apr0009,1021A
P,1021Apr0010,1021A
P,1021Apr0011,1021A
R,35189,37383
B,2042,2042c01
B,2042,2042c02
B,2042,2042c03
B,2043,2042c01
B,2043,2042c02
B,2043,2042c03
B,2043,2137c01
R,23799,37383
P,15504pr0002,15504
T,61406pat0009,61406
T,61406pat0010,61406
P,970c00pr1778,970c00
P,21019c00pat005pr1760,21019c00pat005
P,970c00pr1762,970c00
P,970x323pr1766,970x323
P,970c00pr1776,970c00
P,970c00pr1772,970c00
P,970c00pr1775,970c00
P,21019c00pat005pr1769,21019c00pat005
P,970c00pr1768,970c00
P,973c37h01pr1947,973c37h01
P,21019c00pat012pr1771,21019c00pat012
P,970c00pr1735,970c00
P,970c00pr1704,970c00
P,970c00pr1817,970c00
P,21019c00pat004pr1700,21019c00pat004
P,973c11h01pr4852,973c11h01
P,76371pr0165,76371
P,76371pr0154,76371
P,76371pr0162,76371
M,clikupn0079b,clikupn0079
P,52031pr0002,52031
P,52031pr0001,52031
P,43722pr0001,43722
P,87079pr0210,87079
P,15068pr0038,15068
P,92084pr0008,92084
P,3626cpr3061,3626c
P,3626cpr3062,3626c
P,3626cpr3063,3626c
P,3626cpr3064,3626c
P,3626cpr3065,3626c
P,3626cpr3066,3626c
P,3626cpr3067,3626c
P,3626cpr3068,3626c
R,41326,41325
R,41326,41324
P,3001pr1043,3001
B,973p7y,973c32h27pr1800
P,18895pr0010,18895
P,3626cpr3026,3626c
P,88930pr0018,88930
P,15068pr0040,15068
P,3068bpr0414,3068b
P,3069bpr0274,3069b
P,63864pr0024,63864
P,87079pr0213,87079
P,14769pr1148,14769
P,20308pr0003,20308
P,3068bpr0417,3068b
P,19729pr0025,19729
P,3622pr0055,3622
P,19729pr0021,19729
P,26603pr0030,26603
P,3626cpr3094,3626c
P,3626cpr3124,3626c
P,3626cpr3126,3626c
P,3626cpr3128,3626c
P,1021Apr0029,1021A
B,upn0007b,upn0007c01
P,22385pr9975,22385
P,6239pr0003,6239
P,14769pr1149,14769
P,85984pr0017,85984
P,3626cpr3125,3626c
R,10154pr0006,36425
P,85984pr0016,85984
R,10154pr0006,10124
P,3626cpr3127,3626c
R,90199,upn0161c01
P,27382pr0006,27382
P,76371pr0166,76371
P,76371pr0169,76371
P,65633pr0001,65633
P,6636pr0024,6636
P,3010pr0074,3010
P,18895pr0009,18895
P,3626cpr3071,3626c
P,3626cpr3072,3626c
P,98138pr0129,98138
P,3069bpr0280,3069b
P,3065pr0003,3065
P,65066pr0002,65066
P,26603pr0032,26603
P,15068pr0041,15068
P,2654pr0016,2654
P,15068pr0039,15068
P,32474pr1020,32474
P,98138pr0132,98138
P,60603pr0007,60603
P,3068bpr0419,3068b
P,3069bpr0281,3069b
P,26603pr0033,26603
P,26603pr0034,26603
P,63864pr0025,63864
P,63864pr0028,63864
P,3069bpr0289,3069b
P,3069bpr9991,3069b
P,42918pr0003,42918
B,65468a,65468
B,98138pr0135,67222
B,65468c,65468
B,65468d,65468
B,65468e,65468
B,98138pr0136,67222
B,65468b,65468
P,87926pr0001,87926
P,15875c01pr0020,15875
P,3437pr0126,3437
P,11170pr0009,11170
P,27372pr0008,27372
P,27372pr0007,27372
R,31171,6360
R,51288,6360
R,65111,6360
R,31023pr0001,92094
R,31023,6360
R,31023pr0001,6360
P,20953pr0006,20953
P,98138pr0145,98138
P,98138pr0146,98138
M,57360,30553
A,15210pr9999,30258pr0001
P,10bpr0001,10b
M,2358pr0001,2358pr0005
M,61287pr0001,61287pr0005
P,49570pr0001,49570
P,49570pr0002,49570
P,29303pr0001,29303
P,29303pr0002,29303
P,31333pr0006,31333
P,76371pr0155,76371
P,31023pr0001,31023
P,99771pr0183,99771
P,87552pr0002,87552
R,upn0007b,upn0007a
P,24782pr0014,24782
P,3069bpr0267,3069b
P,87079pr9993,87079
P,45677pr0012,45677
P,1022Apr0033,1022A
P,3626cpr3005,3626c
P,3626cpr3004,3626c
P,3626cpr3009,3626c
P,3626cpr3006,3626c
P,3626cpr3008,3626c
R,28252,28251
P,3626cpr3007,3626c
P,11818pr0194,11818
P,40378pr0001,40378
P,15875c01pr0197,15875
P,15875c01pr0196,15875
P,10202pr0005,10202
P,11818pr0195,11818
P,65066pr0001,65066
R,65066,40066
P,3961pr0005,3961
P,87079pr0207,87079
P,3010pr0073,3010
P,3298pr0001,3298
P,15625pr0015,15625
P,59349pr0015,59349
P,26603pr0025,26603
P,15625pr0016,15625
P,93604pr0005,93604
P,98100pr0009,98100
P,30372pr0006,30372
P,3070bpr0212,3070b
P,87610pr2262,87610
P,47543pr0006,47543
P,3069bpr0288,3069b
P,2431pr0143,2431
R,2878,57878
P,93273pr0015,93273
P,93273pr0016,93273
P,2431pr0144,2431
P,2431pr0145,2431
P,88930pr0017,88930
P,35299pr0001,35299
P,35299pr0002,35299
R,71861,30109
B,fabupn0001b,fabupn0001c01
B,fabupn0001a,fabupn0001c01
R,56145,62701
R,53178,19478
R,53178,47225
R,40918,61904
R,40918,61905
R,55982,62701
R,30383,44302a
R,3404,3403
R,60474,61485
R,35443,61485
R,92280,60478
R,60478,11476
P,42498pr0002,42498
R,32028,2653
R,61485,87081
R,61485,35446
R,27448,35442
P,970c00pr1916,970c00
P,10509pr0006,10509
P,3626cpr9869,3626c
P,42498pr0001,42498
P,970c00pr9908,970c00
P,970c00pr9907,970c00
P,44375bpr0003,44375b
T,24157pat0001,24157
P,970c00pr1909,970c00
P,28628apr0001,28628a
P,28628apr0003,28628a
P,10154pr0002,10154
P,10124pr0002,10124
P,4066pr0088,4066
P,50231pr0002,50231
P,50231pr0003,50231
P,15673pr0002,15673
M,18034,95673
P,20870pr0001,20870
P,30366pr0002,30366
P,35394pr0001,35394
P,35394pr0002,35394
A,973c26h02pr0530,973c26h02pr0290
A,973c26h02pr1324,973c26h02pr0290
M,42819,4182
P,42861pr0004,42861
M,42876,33057
M,43967,4181
A,973c26h02pr2095,973c26h02pr0290
A,973c26h02pr3905,973c26h02pr0290
A,973c26h02pr2301,973c26h02pr1331
P,61287pr0005,61287
P,61287pr0004,61287
B,28535,28925c01
B,28535,28925c02
B,28535,28925c03
B,28535,28925c04
P,11602pr0008,11602
P,3626cpr3119,3626c
R,41325,41324
P,10314pr1003,10314
P,3068bpr0418,3068b
P,87079pr0211,87079
P,26603pr0028,26603
P,30350cpr0013,30350c
P,3626cpr3130,3626c
P,3626cpr3129,3626c
P,76371pr0172,76371
P,92593pr0001,92593
P,43723pr0001,43723
P,87552pr0008,87552
P,3001pr9992,3001
P,42918pr0004,42918
B,65468f,65468
B,65468g,65468
P,3437pr0128,3437
P,11170pr0010,11170
R,51288,92094
R,31023,92094
P,30367cpr1021,30367c
P,98220pr0010,98220
P,20551pr0001,20551
P,50747pr9998,50747
P,98100pr0010,98100
P,90498pr0004,90498
P,10202pr0006,10202
R,55982,35578
M,29028,19185
P,3350pr0005,3350
M,11055pr0002,2335pr0019
M,11055pr0005,2335pr0022
P,3068bpr0423,3068b
B,55637c,55637c01
B,55637b,55637c01
B,55637a,55637c01
B,14530a,14530c01
R,6912,6911
P,3068bpr0422,3068b
P,22385pr0111,22385
P,29453pr0001,29453
P,44375bpr9998,44375b
P,20952pr0005,20952
A,59232,93787
M,58574,27037
P,50231pr9999,50231
M,50231,21841
R,28251,33827
P,3941pr0003,3941
P,98138pr0137,98138
B,98138pr0145,67222
B,98138pr0147,67222
P,10bpr0004,10b
P,10bpr0007,10b
P,10bpr0010,10b
R,61287pr0001,61287pr0002
M,53029,40902
P,18907pr0003,18907
R,769,2446
P,42498pr0003,42498
M,69320,95198
R,759532,759528c00
R,759533,759528c00
R,759533,759528c03
P,3068bpr9980,3068b
P,3068bpr9979,3068b
P,3068bpr9977,3068b
P,3068bpr9978,3068b
P,3068bpr9975,3068b
P,3068bpr0432,3068b
P,3068bpr0427,3068b
P,3068bpr0428,3068b
R,4254,4255
B,4254,76537
B,4254,73129
P,3024pr0019,3024
B,upn0188c,731c03
B,upn0188a,731c04
R,731c04,4255
B,2585,2584c02
B,upn0370,2584c08
B,upn0370,2584c04
B,2585,2584c04
B,2585,2584c06
B,2585,2584c07
B,2585,2584c08
P,28631pr0284,28631
P,2715pr0004,2715
M,3940,3940b
M,2924,2924a
T,27062pat0003,27062
T,23714pat0001,23714
P,98496pr0002,98496
P,46882pr0001,46882
A,69730,54675
R,11777pr0002,11778pr0002
P,11778pr0002,11778
R,68953pr0001,49242
R,68958pr0001,49242
R,92989pr0002,49242
P,3003pr0142,3003
P,3068bpr0433,3068b
P,3003pr0141,3003
P,14769pr0059,14769
P,14769pr0032,14769
P,86500pr9999,86500
P,66792pr0033,66792
R,68964pr0001,49242
R,69689,49242
P,66857pr0002,66857
P,68869pr0001,68869
P,68869pr9999,68869
R,68891pr0002,49242
P,3003pr9998,3003
P,3003pr0139,3003
P,3068bpr0069,3068b
P,3068bpr9974,3068b
P,98138pr9995,98138
P,67095pr0006,67095
P,3070bpr0230,3070b
P,3070bpr0232,3070b
P,3070bpr0231,3070b
P,25269pr0026,25269
P,25269pr0025,25269
P,24246pr0013,24246
P,87079pr0228,87079
P,87079pr0227,87079
P,87079pr0226,87079
P,6636pr0028,6636
P,6636pr0027,6636
P,6636pr0026,6636
P,4162pr0078,4162
P,4162pr0077,4162
P,63864pr0033,63864
P,63864pr0032,63864
P,63864pr0035,63864
P,63864pr0034,63864
P,2431pr0154,2431
P,2431pr0153,2431
P,3068bpr0435,3068b
P,3068bpr0438,3068b
P,3068bpr0047,3068b
P,14769pr1170,14769
P,3710pr0001,3710
P,88930pr9999,88930
P,3068bpr0056,3068b
P,3068bpr0057,3068b
P,87079pr0229,87079
P,14769pr1171,14769
P,66792pr0058,66792
P,68869pr0067,68869
P,87079pr0016,87079
P,87079pr0221,87079
P,87079pr0222,87079
P,87079pr0223,87079
P,3070bpr0233,3070b
R,35019,35018
P,3068bpr0042,3068b
P,3068bpr0065,3068b
P,3068bpr0040,3068b
P,3068bpr0039,3068b
P,3068bpr0038,3068b
P,3068bpr0041,3068b
P,68869pr0071,68869
P,68869pr0073,68869
P,3003pr0144,3003
P,3003pr0145,3003
P,3003pr0147,3003
P,3003pr0146,3003
P,26603pr0041,26603
P,17485pr9999,17485
P,17485pr0006,17485
P,3068bpr9973,3068b
P,3068bpr0027,3068b
P,3068bpr0026,3068b
P,59349pr0009,59349
P,68869pr0063,68869
P,3068bpr0060,3068b
P,3068bpr0052,3068b
P,3068bpr0053,3068b
P,3068bpr0439,3068b
P,10202pr0008,10202
P,87580pr0002,87580
P,3068bpr9972,3068b
P,3068bpr0072,3068b
P,3068bpr0070,3068b
P,3068bpr9971,3068b
P,3068bpr9970,3068b
P,26603pr0045,26603
P,30350bpr0018,30350b
P,3068bpr9969,3068b
P,3068bpr9968,3068b
P,3068bpr9967,3068b
P,3068bpr9966,3068b
P,3068bpr0426,3068b
P,3068bpr9965,3068b
P,3068bpr9964,3068b
P,3068bpr9963,3068b
P,3068bpr9962,3068b
P,3068bpr9961,3068b
P,85984pr0020,85984
P,85984pr0018,85984
P,66858pr0001,66858
P,67095pr0005,67095
P,15068pr9997,15068
P,14769pr9995,14769
P,3069bpr0293,3069b
P,3069bpr0294,3069b
P,30165pr0004,30165
P,11203pr0018,11203
P,10202pr0009,10202
P,3626cpr3156,3626c
P,3626cpr3184,3626c
P,3626cpr3163,3626c
P,3010pr0079,3010
P,3010pr0080,3010
P,3626cpr3295,3626c
P,3626cpr3293,3626c
P,3626cpr3294,3626c
P,36036pr0023,36036
T,49295pat0002,49295
T,49295pat0001,49295
P,3070bpr0229,3070b
P,28631pr0325,28631
P,6239pr0005,6239
P,3626cpr3262,3626c
P,3626cpr3264,3626c
P,3626cpr3168,3626c
P,3626cpr3251,3626c
P,3626cpr3304,3626c
P,6239pr0004,6239
P,10312pr0009,10312
P,970c00pr9964,970c00
P,3068bpr9960,3068b
P,3068bpr0434,3068b
P,3068bpr0062,3068b
P,3068bpr0045,3068b
P,2431pr0152,2431
P,66792pr0044,66792
P,3622pr0058,3622
P,3622pr0057,3622
P,3004pr0057,3004
P,37352pr0007,37352
P,37352pr0003,37352
P,14769pr1169,14769
P,90398pr0003,90398
P,15068pr9996,15068
R,273,569
R,13971,61254
R,56902,61254
T,clikupn0096pat0001,clikupn0096
T,clikupn0096pat0002,clikupn0096
R,clikupn0002pr0001,clikupn0096
R,clikupn0002pr0003,clikupn0096
R,clikupn0002pr0005,clikupn0096
R,clikupn0002pr0008,clikupn0096
R,35016,35015
A,clikupn0003c02,clikupn0003c01
A,clikupn0003c03,clikupn0003c01
A,clikupn0003c04,clikupn0003c01
A,clikupn0003c05,clikupn0003c01
P,970x023pr0002,970x023
P,3002pr0001,3002
R,3581,2554
R,792c03,685
P,3002pr0002,3002
A,clikupn0004c02,clikupn0004c01
A,clikupn0004c03,clikupn0004c01
A,clikupn0004c04,clikupn0004c01
A,clikupn0004c05,clikupn0004c01
A,clikupn0004c06,clikupn0004c01
A,clikupn0005c01,clikupn0005c02
A,clikupn0005c01,clikupn0005c03
A,clikupn0006c03,clikupn0006c02
A,clikupn0006c01,clikupn0006c02
A,clikupn0006c04,clikupn0006c02
T,66953pat0002,66953
R,fabupn0030,3997
R,3937,2418a
P,22385pr9974,22385
M,clikupn0009c,clikupn0009a
M,clikupn0009c,clikupn0009b
M,clikupn0030c,clikupn0030b
M,clikupn0030c,clikupn0030a
R,41531,46667
M,clikupn0084a,clikupn0084b
M,clikupn0013b,clikupn0013a
M,clikupn0013c,clikupn0013a
M,clikupn0016c,clikupn0016a
M,clikupn0016b,clikupn0016a
M,clikupn0017c,clikupn0017a
M,clikupn0017c,clikupn0017d
R,clikupn0130,clikupn0096
M,clikupn0018pat0001,clikupn0018pat0003
M,clikupn0019b,clikupn0019a
M,clikupn0020b,clikupn0020a
R,clikupn0113,clikupn0112
R,clikupn0001pr0014,45493
P,970c00pr9965,970c00
T,46281c01,46281
P,46281pr0001,46281
M,46281,45455
R,69687,49242
M,clikupn0022a,clikupn0022b
M,clikupn0022a,clikupn0022c
M,clikupn0022a,clikupn0022d
M,clikupn0022a,clikupn0022e
P,87079pr9972,87079
P,87079pr9971,87079
A,4475,6104
A,3068bpr0072,3068bpr9980
R,clikupn0094,clikupn0095
M,clikupn0023a,clikupn0023b
M,clikupn0024a,clikupn0024b
M,clikupn0024a,clikupn0024c
M,clikupn0024a,clikupn0024d
M,clikupn0025b,clikupn0025a
R,clikupn0070,clikupn0071
P,51035pr0004,51035
R,66155,44309
P,53657pr0001,53657
P,53657pr0002,53657
M,45469b,45469a
P,1022Apr0030,1022A
P,1022Apr0024,1022A
P,1021Apr0030,1021A
P,1021Apr0036,1021A
M,clikupn0028a,clikupn0028b
P,1021Apr0037,1021A
P,1021Apr0178,1021A
T,clikupn0028bc03,clikupn0028b
T,clikupn0028ac01,clikupn0028a
T,clikupn0028ac02,clikupn0028a
M,46282,45456
P,1021Apr0179,1021A
T,45455c01,45455
T,45455c02,45455
P,1021Apr0181,1021A
M,clikupn0029b,clikupn0029a
P,45449pr0011,45449
P,46277pr0001,46277
R,35456,35457
B,36970a,36970
B,36970b,36970
M,46285,45463
P,46285pr0001,46285
P,46285pr0002,46285
P,45462pr0006,45462
P,3626cpr9821,3626c
P,970c00pr9966,970c00
P,3069bpr9987,3069b
P,30367cpr1000,30367c
M,4883c01,11248c01
M,4883c02,11248c02
M,4883c02,2312c02
A,11248c02,11248c01
A,11248c02,11248c04
A,2312c02,2312c01
A,11248c04,11248c03
A,2312c05,2312c03
R,2474,2475
R,2474,2498
R,65497pr0001,49242
P,3626cpr3283,3626c
P,3626cpr3284,3626c
P,3626cpr3309,3626c
P,3626cpr3310,3626c
P,37352pr0006,37352
R,clikupn0002pr0006,clikupn0096
R,clikupn0002pr0007,clikupn0096
R,46618pat0001,clikupn0096
T,46618pat0001,46618
R,upn0053,35199
R,685,upn0247
R,3937,2418b
P,1022Apr0029,1022A
T,clikupn0028bc02,clikupn0028b
T,clikupn0028bc01,clikupn0028b
P,1022Apr0028,1022A
M,46277,45450
M,4883c01,2312c01
A,11248c02,11248c03
A,2312c02,2312c03
A,2312c02,2312c04
A,2312c02,2312c05
A,11248c04,11248c01
A,2312c05,2312c04
P,3626cpr3313,3626c
P,3626cpr3317,3626c
P,3626cpr3318,3626c
P,6180pr0021,6180
B,973p1r,973c27h08pr0009
B,973p1r,973c27h12pr1201
B,973p4v,973c07h01pr1452
B,973p4v,973c11h01pr0400
P,6180pr0022,6180
P,970c00pr1929,970c00
P,970c00pr1878,970c00
P,970c00pr9889,970c00
P,970c00pr9883,970c00
P,970c00pr9900,970c00
P,970x001pr9999,970x001
P,970x140pr1932,970x140
P,1022Apr0027,1022A
P,1022Apr0026,1022A
R,clikupn0002pr0009,clikupn0096
M,clikupn0017b,clikupn0017a
R,clikupn0001pr0020,45493
R,clikupn0001pr0022,45493
R,clikupn0047,clikupn0046
R,clikupn0002pr0011,clikupn0096
R,clikupn0001pr0023,45493
P,clikupn0050pr0002,clikupn0050
B,57878,2878c02
R,clikupn0002pr0014,clikupn0096
M,clikupn0057pr0001,clikupn0002pr0009
R,clikupn0001pr0025,45493
R,clikupn0002pr0015,clikupn0096
R,dupupn0108,31260
P,4066pr9981,4066
P,24246pr0012,24246
P,87079pr0225,87079
P,3245cpr0181,3245c
P,31111pr9976,31111
R,2999,6540a
R,2999,6540b
R,2999,2998
A,2327c01pr0018,2327c01pr0017
P,31111pr9975,31111
P,31111pr9974,31111
P,31110pr9991,31110
P,31110pr9990,31110
P,31110pr9989,31110
P,31000pr0003,31000
P,31000pr0002,31000
P,31000pr0005,31000
P,31000pr0006,31000
P,31000pr0007,31000
P,31000pr0008,31000
A,47202pr0005,47202pr0003
P,11818pr1012,11818
P,11818pr0102,11818
P,3068bpr0437,3068b
M,973c23h23pr2420,973c41h41pr2420
B,973p7h,973c32h01pr1169
P,14769pr1168,14769
P,68869pr0074,68869
P,3068bpr0430,3068b
P,3068bpr0035,3068b
P,66857pr0003,66857
P,3004pr0056,3004
M,30552,53923
P,98100pr0011,98100
P,30361cpr1006,30361c
P,30361cpr1016,30361c
P,20877pr0001,20877
P,87606pr0004,87606
P,60581pr0026,60581
M,54671,30365
R,89993,89994pr0001
R,89993,89994pr0003
R,clikupn0002pr0002,clikupn0096
R,6128,6127
P,6129c01pr0001,6129c01
T,23989pat0004,23989
B,upn0043,upn0365
B,upn0044,upn0365
B,upn0045,upn0365
B,upn0047,upn0365
R,upn0047,upn0045
B,54128,upn0365
B,54129,upn0365
R,clikupn0002pr0004,clikupn0096
R,685,upn0226
M,clikupn0018pat0001,clikupn0018pat0002
P,973c27h03pr0004,973c27h03
M,46285pr0002,45463pr0003
A,4883c02,4883c01
A,11248c03,11248c01
A,2312c05,2312c01
A,2312c04,2312c01
A,2312c04,2312c03
A,2312c03,2312c01
P,10202pr0010,10202
P,30292pr0005,30292
P,59349pr0010,59349
P,46212pr0009,46212
P,3960pr0048,3960
P,20606pr0004,20606
P,20606pr0001,20606
P,20606pr0002,20606
P,20606pr0003,20606
P,3626cpr3285,3626c
R,98128,98129
P,3062bpr0029,3062b
R,93561,93560
P,3626cpr3232,3626c
P,3626cpr3233,3626c
P,3626cpr3269,3626c
P,3039pr0028,3039
P,3062bpr0027,3062b
R,89159,93560
P,98138pr0185,98138
P,67156pr0001,67156
P,3626cpr3323,3626c
R,89159,49663pat0001
P,3004pr0059,3004
P,26603pr0043,26603
P,3070bpr0221,3070b
P,3070bpr0222,3070b
P,66409pr0008,66409
P,3069bpr0304,3069b
P,15875c01pr0021,15875
P,98387pr0005,98387
P,6239pr0008,6239
P,3068bpr0036,3068b
P,30562pr0002,30562
P,11408c01pr0117,11408c01
P,26603pr0002,26603
P,87079pr0230,87079
R,upn0215,6637
P,970c00pr1880,970c00
P,970c00pr1914,970c00
P,970c00pr1847,970c00
P,970c00pr9897,970c00
P,970c00pr9885,970c00
P,970c00pr1955,970c00
P,973g22c01h01pr2606,973g22c01h01
R,clikupn0001pr0019,45493
R,clikupn0042,clikupn0039
P,45455pr0001,45455
R,clikupn0001pr0021,45493
R,clikupn0047pat0001,clikupn0046
R,clikupn0048,clikupn0046
T,clikupn0047pat0001,clikupn0047
R,49548,49247
R,clikupn0002pr0012,clikupn0096
R,clikupn0001pr0024,45493
M,clikupn0018pat0004,clikupn0018pat0001
P,clikupn0050pr0001,clikupn0050
P,clikupn0050pr0003,clikupn0050
P,clikupn0050pr0004,clikupn0050
P,67950pr0001,67950
B,57051,2878c02
P,87079pr9989,87079
R,15627,60603
R,46667,60208
B,2745stor,2745storc02
B,3857,2745storc02
A,clikupn0062pr0001,clikupn0001pr0024
R,48345,clikupn0062pr0001
T,973c19h19,973c00
P,973c19h19pr2871,973c19h19
P,973c19h19pr0405,973c19h19
P,973c19h19pr1582,973c19h19
P,973c19h19pr1790,973c19h19
P,973c19h19pr1840,973c19h19
P,973c19h19pr1850,973c19h19
P,973c19h19pr1952,973c19h19
P,973c19h19pr3525,973c19h19
P,973c19h19pr2248,973c19h19
P,973c19h19pr2098,973c19h19
P,973c19h19pr2064,973c19h19
P,973c19h19pr9701,973c19h19
T,973c19h13,973c00
P,30144pr9999,30144
P,3068bpr0553,3068b
T,973c32h32,973c00
P,973c32h32pr3320,973c32h32
P,973c32h32pr3318,973c32h32
T,973c32h05,973c00
T,973c32h14,973c00
P,973c32h14pr2304,973c32h14
P,973c32h14pr3371,973c32h14
M,973c32h01pr1244,973c32h01pr4900
T,973c11h23,973c00
P,973c11h02pr4442,973c11h02
P,973c11h02pr4752,973c11h02
P,973c11h02pr3989,973c11h02
P,973c11h02pr3004,973c11h02
P,973c11h02pr3306,973c11h02
P,973c11h02pr2376,973c11h02
P,973c11h02pr1865,973c11h02
P,973c11h02pr1917,973c11h02
P,973c11h02pr2056,973c11h02
P,973c11h02pr1369,973c11h02
P,973c11h02pr4388,973c11h02
P,973c11h02pr0328,973c11h02
P,973c11h02pr3851,973c11h02
P,973c11h02pr3735,973c11h02
P,973c11h02pr1811,973c11h02
P,973c11h01pr1943,973c11h01
P,973c11h01pr0400,973c11h01
P,973c11h01pr1835,973c11h01
P,973c11h01pr1829,973c11h01
P,973c11h01pr0802,973c11h01
P,973c11h01pr2060,973c11h01
P,973c11h01pr3959,973c11h01
P,973c31h01pr0019,973c31h01
P,973c31h01pr9674,973c31h01
P,973c31h01pr4373,973c31h01
P,973c31h01pr2410,973c31h01
P,973c31h01pr2371,973c31h01
P,973c31h01pr2370,973c31h01
P,973c31h01pr2147,973c31h01
P,973c31h01pr2146,973c31h01
P,973c31h01pr2145,973c31h01
P,973c31h01pr2144,973c31h01
P,973c31h01pr2136,973c31h01
P,973c31h01pr1871,973c31h01
P,973c31h01pr1867,973c31h01
P,973c31h01pr1617,973c31h01
P,973c31h01pr1479,973c31h01
P,973c31h01pr0372,973c31h01
B,973pw4,973c08h03pr0161
P,3626cpr3311,3626c
P,3005pr0025,3005
P,970c00pr9918,970c00
T,973c20h20,973c00
P,973c20h20pr3279,973c20h20
P,973c20h20pr2164,973c20h20
P,973c20h20pr2709,973c20h20
P,973c20h20pr2834,973c20h20
T,973c24h01,973c00
P,973c24h01pr0120,973c24h01
P,973c24h01pr5073,973c24h01
P,973c24h01pr2867,973c24h01
P,973c24h01pr3787,973c24h01
P,973c24h01pr9925,973c24h01
T,973c24h03,973c00
P,973c24h03pr4819,973c24h03
P,973c24h03pr3885,973c24h03
P,973c24h03pr3422,973c24h03
P,973c24h03pr1814,973c24h03
T,973c24h12,973c00
P,973c24h12pr2134,973c24h12
P,973c24h12pr1619,973c24h12
P,973c24h03pr1525,973c24h03
P,973c24h01pr1215,973c24h01
P,973c24h01pr0334,973c24h01
P,973c24h03pr3953,973c24h03
T,973c16h16,973c00
T,973c36h01,973c00
P,973c36h36pr3326,973c36h36
T,973c33h09,973c00
T,973c34h01,973c00
P,24093pr0016,24093
P,3062bpr0043,3062b
P,973c34h01pr1801,973c34h01
P,973c34h01pr3784,973c34h01
P,973c34h01pr0090,973c34h01
P,973c34h01pr0415,973c34h01
P,973c34h01pr2762,973c34h01
P,973c34h01pr4153,973c34h01
T,973c34h34,973c00
P,973c34h34pr0751,973c34h34
P,973c34h01pr9697,973c34h01
T,973c34h12,973c00
P,973c34h12pr4712,973c34h12
P,973c34h12pr2913,973c34h12
P,973c34h12pr3800,973c34h12
P,973c34h12pr2351,973c34h12
P,973c34h12pr1638,973c34h12
P,973c34h12pr1484,973c34h12
P,973c34h12pr1384,973c34h12
P,973c34h12pr1247,973c34h12
P,973c34h12pr1182,973c34h12
P,973c34h12pr1144,973c34h12
P,973c34h12pr1084,973c34h12
P,973c34h12pr0303,973c34h12
M,973c34h12pr0303,973c34h08pr0303
P,973c34h12pr2932,973c34h12
P,973c34h12pr1591,973c34h12
A,973c34h27pr2289,973c34h27pr3348
B,973p26,973c28h01pr0026
B,973p7w,973c27h01pr1580
B,973pb0287,973pb0287
P,970c00pr1678,970c00
M,15459,31794
R,2928,2919
M,3035pr0001,3035apr0001
A,43713,4856a
A,43713,4856b
R,67704,67718
P,30144pr0008,30144
R,54100,54101
A,62791,54100
R,62791,54101
B,62791,62791c01
R,50820,50821
B,50821,50821c01
B,92710,92710c02
B,92711,92710c02
B,92710,92710c04
B,92711,92710c04
B,92711,92710c01
B,92711,92710c03
B,92710,92710c01
B,92710,92710c03
B,71958,71958c01
B,18913,20033
B,18912,20033
R,18912,18913
R,28533,28535
B,28533,28925c01
B,28533,28925c02
B,28533,28925c03
B,28533,28925c04
M,16968,63783
P,970x140pr1906,970x140
P,970x140pr1910,970x140
R,6195,6197
R,6196,6197
P,65590pr0002,65590
M,50337,44570
P,16709pr0007,16709
T,16709pat0004,16709
T,16709pat0011,16709
T,21019c00pat012,21019c00
P,970x199pr0841,970x199
P,970x140pr1496,970x140
P,970x140pr1423,970x140
P,970x199pr0727,970x199
P,3068bpr9958,3068b
P,973c01h03pr9641,973c01h03
P,21019c00pat028pr1777,21019c00pat028
T,21019c00pat029,21019c00
P,21019c00pat029pr1773,21019c00pat029
T,21019c00pat028,21019c00
P,21019x001pat01pr1411,21019x001pat01
T,21019x001pat01,21019c00
P,21019x021pat01pr1201,21019x021pat01
P,21019x023pat02pr1823,21019x023pat02
P,21019x026pat01pr1040,21019x026pat01
P,21019x026pat01pr1503,21019x026pat01
T,21019x026pat01,21019c00
T,21019x023pat02,21019c00
T,21019x021pat01,21019c00
P,21019x026pat01pr1806,21019x026pat01
P,21019x026pat01pr1808,21019x026pat01
P,21019x037pat01pr1177,21019x037pat01
T,21019x037pat01,21019c00
T,21019x124pat01,21019c00
P,21019x124pat01pr1090,21019x124pat01
P,21019x124pat01pr1673,21019x124pat01
P,21019x124pat01pr1276,21019x124pat01
T,21019x140pat01,21019c00
P,21019x140pat01pr1050,21019x140pat01
P,21019x191pat01pr1258,21019x191pat01
P,21019x194pat01pr1270,21019x194pat01
T,21019x194pat01,21019c00
T,21019x191pat01,21019c00
T,21019x194pat02,21019c00
P,21019x194pat02pr1668,21019x194pat02
T,21019x222pat01,21019c00
P,21019x222pat01pr1167,21019x222pat01
P,21019x222pat01pr1671,21019x222pat01
T,21019x322pat01,21019c00
P,21019x322pat01pr0995,21019x322pat01
P,48634pr0001,48634
P,970c00pr1207,970c00
P,970c00pr1427,970c00
P,970c00pr1644,970c00
P,970c00pr1741,970c00
P,970c00pr1742,970c00
P,970c00pr1743,970c00
P,970c00pr1746,970c00
P,970c00pr1748,970c00
P,970c00pr1749,970c00
P,970c00pr1750,970c00
P,970c00pr1757,970c00
P,970c00pr1763,970c00
P,970c00pr1764,970c00
P,970c00pr1770,970c00
P,970c00pr1800,970c00
P,970c00pr1805,970c00
P,970c00pr1809,970c00
P,970c00pr1812,970c00
P,970c00pr1816,970c00
P,970c00pr1826,970c00
P,970c00pr1828,970c00
P,970c00pr1829,970c00
P,970c00pr1832,970c00
P,970c00pr1833,970c00
P,970c00pr1838,970c00
P,970c00pr1840,970c00
P,970c00pr1867,970c00
P,973c19h19pr2729,973c19h19
P,973c32h14pr0355,973c32h14
P,973c11h02pr3532,973c11h02
P,973c11h02pr3168,973c11h02
P,973c11h02pr3440,973c11h02
P,973c11h02pr1560,973c11h02
P,973c11h02pr1468,973c11h02
P,973c11h02pr1395,973c11h02
P,973c11h02pr1372,973c11h02
P,973c11h02pr2092,973c11h02
T,973c11h01,973c00
P,973c11h01pr1725,973c11h01
P,973c11h01pr1946,973c11h01
P,973c11h01pr2020,973c11h01
T,973c31h01,973c00
P,973c31h01pr0031,973c31h01
P,973c31h01pr3531,973c31h01
P,973c31h01pr2828,973c31h01
P,973c31h01pr0367,973c31h01
P,973c31h01pr0370,973c31h01
P,973c27h03pr0008,973c27h03
P,973c27h03pr1606,973c27h03
P,973c27h03pr1897,973c27h03
P,973c27h03pr9986,973c27h03
P,973c27h03pr0068,973c27h03
P,973c27h03pr0009,973c27h03
B,973p26,973c03h01pr0026
P,973c27h01pr0028,973c27h01
P,973c27h03pr0079,973c27h03
P,973c27h03pr0080,973c27h03
P,973c27h03pr9980,973c27h03
P,973c27h03pr4854,973c27h03
P,973c27h03pr4525,973c27h03
P,973c27h03pr0063,973c27h03
P,973c27h27pr9952,973c27h27
P,3068bpr0329,3068b
P,3068bpr0372,3068b
P,3068bpr9999,3068b
P,3068bpr9997,3068b
P,3068bpr9996,3068b
P,3626cpr0468,3626c
P,3626cpr0666,3626c
P,3626cpr0720,3626c
P,3626cpr0984,3626c
P,92815c05pr0108,92815c05
A,973c27h02pr1771,973c27h02pr3868
M,973c27h12pr1427,973c27h08pr0166
R,29632pr0003,29630pr0003
M,973c27h08pr0009,973c27h12pr1201
P,970c00pr1843,970c00
P,970c00pr1851,970c00
P,970c00pr1865,970c00
P,970c00pr1866,970c00
P,970c00pr1869,970c00
P,970c00pr1870,970c00
P,970c00pr9887,970c00
P,970c00pr9895,970c00
P,970c00pr9902,970c00
P,970c00pr9962,970c00
P,973c31h01pr0365,973c31h01
P,973c31h01pr0366,973c31h01
P,973c31h01pr0368,973c31h01
P,973c31h01pr0369,973c31h01
P,973c31h01pr0371,973c31h01
P,973c31h01pr0293,973c31h01
P,973c31h01pr0285,973c31h01
P,973c31h01pr0196,973c31h01
P,973c31h01pr0163,973c31h01
P,973c31h01pr0046,973c31h01
P,973c31h01pr9747,973c31h01
P,973c31h01pr1951,973c31h01
P,973c31h01pr0129,973c31h01
P,973c31h01pr0640,973c31h01
P,973c31h01pr9999,973c31h01
M,973c31h01pr0640,973c31h01pr9999
P,973c31h01pr0161,973c31h01
P,973c31h01pr0040,973c31h01
P,973c31h01pr0257,973c31h01
P,973c31h01pr0002,973c31h01
P,973c31h01pr9700,973c31h01
P,973c31h01pr1517,973c31h01
P,973c31h01pr1121,973c31h01
P,973c31h01pr1083,973c31h01
P,973c31h01pr0955,973c31h01
P,973c31h01pr9680,973c31h01
P,973c31h01pr9685,973c31h01
P,973c31h01pr9693,973c31h01
P,973c31h01pr0178,973c31h01
P,973c06h01pr2598,973c06h01
P,973c31h03pr0331,973c31h03
P,973c31h03pr4026,973c31h03
P,973c31h03pr1526,973c31h03
P,973c31h03pr1277,973c31h03
P,973c31h03pr9998,973c31h03
P,973c31h03pr0008,973c31h03
P,973c31h03pr0081,973c31h03
P,973c31h03pr0082,973c31h03
P,973c31h03pr0037,973c31h03
T,973c31h12,973c00
P,973c31h12pr0352,973c31h12
P,973c31h12pr1288,973c31h12
P,973c31h12pr1511,973c31h12
P,973c31h12pr1942,973c31h12
P,973c31h12pr4809,973c31h12
P,973c31h12pr0656,973c31h12
P,973c21h21pr4504,973c21h21
P,973c11h01pr2322,973c11h01
T,973c09h01,973c00
P,973c09h01pr4356,973c09h01
P,973c09h01pr1659,973c09h01
T,973c09h02,973c00
P,973c09h02pr2283,973c09h02
P,973c09h02pr1860,973c09h02
P,973c09h02pr0397,973c09h02
P,973c09h02pr3759,973c09h02
T,973c09h12,973c00
P,973c09h12pr1312,973c09h12
P,973c09h12pr1282,973c09h12
T,973c09h09,973c00
P,973c09h09pr2863,973c09h09
P,970c00pr1844,970c00
P,970c00pr1845,970c00
P,970c00pr1855,970c00
P,970c00pr1857,970c00
P,970c00pr1662,970c00
P,970c00pr9901,970c00
P,970e10pr0001,970e10
P,973c31h01pr9643,973c31h01
P,973c31h01pr1124,973c31h01
P,973c31h03pr0055,973c31h03
P,973c31h03pr3343,973c31h03
P,973c31h03pr2856,973c31h03
P,973c31h03pr1279,973c31h03
P,973c31h03pr9999,973c31h03
P,973c31h03pr0013,973c31h03
P,973c09h02pr3186,973c09h02
T,973c09h14,973c00
P,973c27h03pr1764,973c27h03
P,973c27h03pr2197,973c27h03
P,973c27h03pr0002,973c27h03
P,973c27h03pr3860,973c27h03
P,973c27h03pr0101,973c27h03
P,3626cpr0871,3626c
P,973c26h26pr5304,973c26h26
M,42924,6558
T,98220pat0003,98220
T,98220pat0009,98220
R,2563,2536b
R,98288,3464
A,973e002pr9999,973e001pr3037
A,973e004pr4242,973e024pr4579
P,970c00pr1858,970c00
P,3626cpr9806,3626c
P,970c00pr9846,970c00
P,970c00pr9845,970c00
P,973c06h01pr5181,973c06h01
T,973c04h04,973c00
A,973c29h02pr4605,973c29h01pr3426
P,973c04h04pr4140,973c04h04
T,973c05h03,973c00
P,973c05h03pr9891,973c05h03
P,973c05h03pr3845,973c05h03
P,973c05h03pr1555,973c05h03
P,973c05h03pr2493,973c05h03
P,973c05h03pr3761,973c05h03
P,973c05h03pr9991,973c05h03
P,973c05h03pr3604,973c05h03
P,973c05h03pr3955,973c05h03
P,973c05h03pr3632,973c05h03
P,973c05h03pr0071,973c05h03
P,973c05h03pr9881,973c05h03
A,973c05h02pr2336,973c05h02pr3906
P,973c05h03pr4714,973c05h03
P,973c09h12pr4547,973c09h12
M,35132,31170
P,970c00pr1872,970c00
P,970c00pr1893,970c00
M,61408,33299a
P,973c05h03pr3762,973c05h03
P,973c05h03pr9979,973c05h03
P,973c05h03pr1304,973c05h03
P,973c27h03pr4827,973c27h03
P,3626cpr0956,3626c
T,973c41h02,973c00
P,973c41h02pr1688,973c41h02
T,973c14h12,973c00
P,973c14h12pr0780,973c14h12
P,973c14h12pr1246,973c14h12
P,973c14h12pr1614,973c14h12
P,973c14h12pr1581,973c14h12
P,973c14h12pr1556,973c14h12
P,973c14h12pr1880,973c14h12
P,973c14h12pr1910,973c14h12
P,973c14h12pr1945,973c14h12
P,973c14h12pr2237,973c14h12
P,973c14h12pr2452,973c14h12
P,973c14h12pr2416,973c14h12
P,973c14h12pr2658,973c14h12
P,973c14h12pr2887,973c14h12
P,973c14h12pr2757,973c14h12
T,973c14h14,973c00
P,973c14h14pr2177,973c14h14
P,973c14h14pr2130,973c14h14
P,973c14h14pr2470,973c14h14
P,973c14h14pr2571,973c14h14
P,973c14h14pr2987,973c14h14
P,973c14h14pr2735,973c14h14
P,973c14h14pr3120,973c14h14
P,973c14h14pr3187,973c14h14
P,973c14h14pr9750,973c14h14
P,973c27h03pr9999,973c27h03
P,970c00pr1898,970c00
M,61408,33299b
P,973c28h01pr9811,973c28h01
P,3068bpr0505,3068b
P,973c22h27pr9794,973c22h27
T,973c22h27,973c00
P,973c22h27pr3901,973c22h27
P,973c22h27pr2643,973c22h27
P,973c22h27pr2112,973c22h27
P,973c22h27pr1853,973c22h27
P,973c22h27pr1708,973c22h27
P,973c22h27pr1651,973c22h27
P,973c22h27pr0012,973c22h27
P,973c22h27pr1885,973c22h27
P,973c22h27pr1825,973c22h27
T,973c22h22,973c00
P,973c22h22pr5150,973c22h22
P,973c22h22pr4308,973c22h22
P,973c22h22pr4028,973c22h22
P,973c22h22pr3667,973c22h22
P,973c22h22pr0070,973c22h22
P,973c22h22pr0006,973c22h22
P,973c22h22pr1127,973c22h22
P,973c22h22pr1838,973c22h22
P,973c22h22pr1883,973c22h22
P,973c22h22pr1903,973c22h22
P,973c22h22pr2492,973c22h22
P,973c22h03pr0103,973c22h03
P,973c22h03pr3292,973c22h03
P,973c22h03pr2859,973c22h03
P,973c22h03pr2192,973c22h03
P,973c22h03pr2251,973c22h03
P,973c22h03pr2476,973c22h03
P,973c22h03pr2639,973c22h03
P,973c22h03pr2185,973c22h03
P,973c22h03pr1264,973c22h03
P,973c22h03pr1716,973c22h03
P,973c22h03pr0023,973c22h03
P,973c22h03pr4741,973c22h03
P,973c22h03pr0008,973c22h03
P,973c22h27pr0112,973c22h27
P,973c22h03pr0051,973c22h03
P,973c22h03pr0123,973c22h03
P,973c22h03pr3934,973c22h03
P,973c22h03pr3695,973c22h03
P,973c22h03pr3283,973c22h03
P,973c22h03pr3263,973c22h03
P,973c22h03pr2933,973c22h03
P,973c22h03pr2853,973c22h03
P,973c22h03pr2684,973c22h03
P,973c22h03pr2403,973c22h03
P,973c22h03pr2394,973c22h03
P,973c22h03pr2290,973c22h03
P,973c22h03pr2297,973c22h03
P,973c22h03pr2003,973c22h03
P,973c22h03pr1949,973c22h03
P,973c22h03pr1750,973c22h03
P,973c22h03pr1243,973c22h03
P,973c22h03pr0223,973c22h03
P,973c22h03pr0191,973c22h03
P,973c22h03pr0130,973c22h03
P,973c22h03pr4508,973c22h03
P,973c21h21pr9878,973c21h21
P,973c31h01pr9851,973c31h01
T,973c22h12,973c00
P,973c22h12pr1257,973c22h12
P,973c22h12pr1941,973c22h12
P,973c22h12pr2368,973c22h12
P,973c22h12pr1233,973c22h12
P,973c22h12pr1976,973c22h12
P,973c22h12pr2276,973c22h12
A,97149pr3979,97149pr0929
P,973c22h01pr0099,973c22h01
T,973c22h01,973c00
P,973c22h01pr0044,973c22h01
P,973c22h01pr0052,973c22h01
P,973c22h01pr0056,973c22h01
P,973c22h01pr0078,973c22h01
P,973c22h01pr0036,973c22h01
P,973c22h01pr0033,973c22h01
P,973c22h01pr0025,973c22h01
P,973c22h01pr0021,973c22h01
P,973c22h01pr0016,973c22h01
P,973c22h01pr0173,973c22h01
P,973c22h01pr0015,973c22h01
P,973c22h01pr0014,973c22h01
P,973c22h01pr0013,973c22h01
P,973c22h01pr0131,973c22h01
P,973c22h01pr0104,973c22h01
P,973c22h01pr0114,973c22h01
P,973c22h01pr3216,973c22h01
P,973c22h01pr3538,973c22h01
P,973c22h01pr3432,973c22h01
P,973c22h01pr3425,973c22h01
P,973c22h01pr4047,973c22h01
P,973c22h01pr4014,973c22h01
P,973c22h01pr4648,973c22h01
P,973c22h01pr4791,973c22h01
P,973c22h01pr4826,973c22h01
P,973c22h01pr4807,973c22h01
P,973c22h01pr4898,973c22h01
P,973c22h01pr9722,973c22h01
P,973c22h01pr9724,973c22h01
P,973c22h01pr9787,973c22h01
P,973c22h01pr0115,973c22h01
P,973c22h01pr0136,973c22h01
P,973c22h01pr4132,973c22h01
P,973c03h03pr9889,973c03h03
P,973c28h01pr9841,973c28h01
P,973c27h01pr9840,973c27h01
P,973c27h01pr9670,973c27h01
P,973c22h01pr9694,973c22h01
P,973c28h01pr9669,973c28h01
P,973c27h01pr9790,973c27h01
P,973c03h10pr9798,973c03h10
P,973c17h01pr9803,973c17h01
P,973c28h22pr2056,973c28h22
P,970c00pr1934,970c00
P,973c22h27pr1753,973c22h27
P,973c22h03pr0102,973c22h03
P,973c22h03pr3212,973c22h03
P,973c22h03pr2395,973c22h03
P,973c22h01pr0132,973c22h01
P,973c27h01pr9731,973c27h01
P,973c22h01pr0001,973c22h01
P,3626cpr0957,3626c
P,973c41h02pr3999,973c41h02
P,973c26h26pr5180,973c26h26
P,973c26h26pr4557,973c26h26
P,973c26h26pr2870,973c26h26
P,973c03h27pr3113,973c03h27
P,973c03h27pr3116,973c03h27
P,973c03h27pr5308,973c03h27
P,973c26h01pr3142,973c26h01
P,973c35h01pr5038,973c35h01
P,973c35h01pr4940,973c35h01
P,973c26h01pr4629,973c26h01
P,973c26h01pr4860,973c26h01
A,973c26h01pr0005,973c26h01pr4860
A,973c26h01pr0058,973c26h01pr4860
A,973c26h01pr0145,973c26h01pr4860
P,973c26h01pr4354,973c26h01
A,92456c01pr0019,92456c01pr0062
P,973c28h22pr4563,973c28h22
P,973c01h01pr1702,973c01h01
P,973c01h01pr2114,973c01h01
P,973c01h01pr2162,973c01h01
P,973c01h01pr0030,973c01h01
P,973c01h01pr2329,973c01h01
P,973c01h01pr5087,973c01h01
P,973c01h01pr4684,973c01h01
A,973c01h01pr4684,973c01h01pr0090
A,973c01h01pr1439,973c01h01pr0030
A,973c01h01pr0806,973c01h01pr1444
A,973c01h01pr2162,973c01h01pr1444
A,973c01h01pr1652,973c01h01pr3812
A,973c01h01pr3876,973c01h01pr3812
P,973c01h01pr1958,973c01h01
P,973c01h01pr1699,973c01h01
A,973c01h01pr1699,973c01h01pr3222
A,973c01h01pr1654,973c01h01pr3222
A,973c01h01pr3809,973c01h01pr3222
P,973c01h01pr3809,973c01h01
A,973c01h01pr4112,973c01h01pr3222
P,973c01h01pr4112,973c01h01
P,973c01h01pr3527,973c01h01
P,973c01h01pr0018,973c01h01
P,973c01h01pr0023,973c01h01
P,973c01h01pr3540,973c01h01
P,973c01h01pr1520,973c01h01
P,973c01h01pr2923,973c01h01
P,973c28h01pr9999,973c28h01
P,973c03h03pr3035,973c03h03
P,973c01h03pr0005,973c01h03
P,973c02h02pr0122,973c02h02
P,973c02h02pr4264,973c02h02
P,973c02h02pr4660,973c02h02
P,973c02h02pr5341,973c02h02
P,973c02h02pr4865,973c02h02
P,973c28h28pr0006,973c28h28
P,973c28h03pr4556,973c28h03
P,973c28h03pr5238,973c28h03
P,973c28h03pr0022,973c28h03
P,973c28h03pr2330,973c28h03
P,973c28h03pr2284,973c28h03
P,973c27h27pr4881,973c27h27
P,973c27h27pr4867,973c27h27
M,14769pr9999,4150pr0012
R,87587,2547
P,973c01h27pr1545,973c01h27
P,973c01h27pr1816,973c01h27
P,973c01h01pr1820,973c01h01
P,973c01h01pr2754,973c01h01
A,973c01h01pr2754,973c01h01pr2030
A,973c01h01pr2202,973c01h01pr2030
P,973c01h01pr2202,973c01h01
P,973c01h01pr2850,973c01h01
P,973c01h27pr2675,973c01h27
P,973c01h03pr0420,973c01h03
P,973c01h03pr1869,973c01h03
P,973c01h03pr0179,973c01h03
P,973c01h03pr2903,973c01h03
P,973c01h03pr2848,973c01h03
P,973c01h03pr2849,973c01h03
P,973c01h03pr2360,973c01h03
P,973c01h03pr3954,973c01h03
P,973c01h03pr3858,973c01h03
P,973c01h01pr2568,973c01h01
P,973c01h28pr5456,973c01h28
P,973c01h03pr4213,973c01h03
P,973c01h03pr4972,973c01h03
P,973c01h03pr4970,973c01h03
P,973c01h03pr3883,973c01h03
P,973c01h03pr4745,973c01h03
A,973c26h02pr1326,973c26h02pr1808
P,973c01h01pr3938,973c01h01
P,973c01h01pr3957,973c01h01
P,973c01h03pr1516,973c01h03
P,973c01h03pr1734,973c01h03
P,973c03h12pr2713,973c03h12
P,973c03h03pr3154,973c03h03
P,973c03h12pr3354,973c03h12
P,973c03h02pr3365,973c03h02
P,973c03h12pr3088,973c03h12
P,973c03h02pr3356,973c03h02
P,973c03h27pr3386,973c03h27
P,973c03h01pr3489,973c03h01
P,970c00pr1952,970c00
P,970d17pr9919,970d00
T,973c07h07,973c00
A,973c05h01pr0260,973c05h02pr3906
P,973c22h01pr0105,973c22h01
P,973c22h01pr0124,973c22h01
P,973c22h01pr0125,973c22h01
P,973c22h01pr0126,973c22h01
P,973c22h01pr0244,973c22h01
P,973c22h01pr0245,973c22h01
P,973c22h01pr0246,973c22h01
P,973c22h01pr0254,973c22h01
P,973c22h01pr0206,973c22h01
P,973c22h01pr0017,973c22h01
P,973c22h01pr0045,973c22h01
P,973c22h01pr0264,973c22h01
P,973c22h01pr2833,973c22h01
P,973c22h01pr2676,973c22h01
P,973c22h01pr2581,973c22h01
A,973c22h01pr3660,973c22h01pr3659
P,973c22h01pr0053,973c22h01
P,973c22h01pr0062,973c22h01
P,973c22h01pr0004,973c22h01
P,973c22h01pr0012,973c22h01
P,973c22h01pr0040,973c22h01
P,973c22h01pr0041,973c22h01
P,973c22h01pr0048,973c22h01
P,973c22h01pr0019,973c22h01
P,973c22h01pr0034,973c22h01
P,973c22h01pr0035,973c22h01
P,973c22h01pr0066,973c22h01
P,973c22h01pr0059,973c22h01
P,973c22h01pr0095,973c22h01
P,973c22h01pr0110,973c22h01
P,973c22h01pr0116,973c22h01
P,973c22h01pr0167,973c22h01
P,973c22h01pr0169,973c22h01
P,973c22h01pr0171,973c22h01
P,973c22h01pr0175,973c22h01
P,973c22h01pr0208,973c22h01
P,973c22h01pr0235,973c22h01
P,973c22h01pr0249,973c22h01
P,973c22h01pr0274,973c22h01
P,973c22h01pr0292,973c22h01
P,973c22h01pr1783,973c22h01
A,973c22h01pr1783,973c22h01pr4898
P,973c22h01pr1170,973c22h01
P,973c22h01pr1757,973c22h01
P,3005pr9941,3005
P,973c22h01pr1446,973c22h01
P,973c22h01pr1356,973c22h01
P,973c22h01pr1722,973c22h01
P,973c22h01pr1623,973c22h01
P,973c22h01pr1823,973c22h01
P,973c22h01pr1832,973c22h01
P,973c22h01pr1914,973c22h01
P,973c22h01pr2161,973c22h01
P,973c22h01pr0117,973c22h01
P,973c22h01pr0003,973c22h01
P,973c22h08pr0270,973c22h08
P,973c22h08pr0295,973c22h08
P,973c22h03pr9895,973c22h03
P,973c22h27pr9983,973c22h27
P,973c11h02pr9651,973c11h02
P,973c11h02pr9652,973c11h02
P,973c11h02pr4464,973c11h02
T,973c27h27,973c00
P,973c27h27pr1705,973c27h27
P,973c27h27pr4699,973c27h27
P,973c27h27pr4211,973c27h27
P,973c27h27pr3892,973c27h27
P,973c27h27pr3307,973c27h27
P,973c27h27pr3166,973c27h27
P,973c27h27pr3165,973c27h27
P,973c27h27pr2015,973c27h27
P,973c27h27pr0176,973c27h27
P,973c27h27pr0113,973c27h27
P,973c27h27pr3708,973c27h27
P,973c27h27pr3913,973c27h27
P,973c27h27pr3902,973c27h27
P,973c27h27pr3733,973c27h27
P,973c27h27pr3332,973c27h27
P,973c27h27pr3327,973c27h27
P,973c27h27pr2761,973c27h27
P,973c27h27pr2235,973c27h27
P,973c27h27pr2059,973c27h27
P,973c27h27pr2029,973c27h27
P,973c27h27pr1886,973c27h27
P,973c27h27pr1540,973c27h27
P,973c27h27pr1552,973c27h27
P,973c27h27pr1655,973c27h27
P,973c27h27pr1744,973c27h27
P,973c27h27pr1491,973c27h27
P,973c27h27pr1434,973c27h27
P,973c27h27pr1409,973c27h27
P,973c27h27pr1348,973c27h27
P,973c27h27pr1344,973c27h27
P,973c27h27pr1317,973c27h27
P,973c27h27pr0026,973c27h27
P,973c27h27pr0296,973c27h27
A,973c27h27pr0296,973c27h27pr4746
P,973c27h27pr4746,973c27h27
P,973c27h27pr0656,973c27h27
P,973c27h27pr1836,973c27h27
P,973c27h27pr1646,973c27h27
P,973c31h01pr4903,973c31h01
P,973c21h21pr4764,973c21h21
P,973c11h01pr4370,973c11h01
P,970c00pr9886,970c00
P,970d01pr1219,970d00
P,970d06pr0001,970d00
P,970d11pr0137,970d00
P,970d14pr0303,970d00
P,1022Apr0025,1022A
P,970d32pr1911,970d00
T,970d35,970d00
P,970d36pr9999,970d00
P,970d37pr1837,970d00
P,970e08pr0926,970e08
P,21019x001pat01pr1401,21019x001pat01
P,21019x026pat01pr9913,21019x026pat01
T,21019x026pat02,21019c00
P,21019x026pat02pr1442,21019x026pat02
T,21019x221pat01,21019c00
P,21019x221pat01pr1204,21019x221pat01
P,22385pr0112,22385
P,22385pr9970,22385
P,22385pr9973,22385
P,22385pr0115,22385
P,22385pr0116,22385
P,22385pr0117,22385
P,22385pr0118,22385
P,22385pr0119,22385
P,22385pr0120,22385
P,22385pr0121,22385
P,22385pr0122,22385
P,22385pr0123,22385
P,22385pr0124,22385
P,22385pr0125,22385
P,22385pr0126,22385
P,22385pr0127,22385
P,22385pr0128,22385
P,22385pr0129,22385
P,22385pr0130,22385
P,22385pr0131,22385
P,1022Apr0023,1022A
M,42135,32039
A,973c07h03pr1795,973c07h03pr2638
P,973c22h01pr0174,973c22h01
P,973c22h01pr0207,973c22h01
P,973c22h01pr0209,973c22h01
P,973c22h01pr0211,973c22h01
P,973c22h01pr1397,973c22h01
A,973c22h08,973c22h12
T,973c22h11,973c00
P,973c27h27pr0090,973c27h27
P,973c27h27pr1884,973c27h27
P,973c09h02pr4884,973c09h02
P,973c41h02pr2213,973c41h02
P,973c41h02pr2788,973c41h02
M,50334,14137
T,973c17h17,973c00
P,973c17h17pr0150,973c17h17
T,973c17h01,973c00
P,973c17h01pr0041,973c17h01
P,973c17h01pr0039,973c17h01
P,973c17h01pr0047,973c17h01
P,973c17h01pr0088,973c17h01
P,973c17h01pr0194,973c17h01
P,973c17h01pr0291,973c17h01
P,973c17h01pr0338,973c17h01
P,973c17h01pr0146,973c17h01
P,973c17h01pr0057,973c17h01
P,973c17h01pr0153,973c17h01
P,973c17h01pr0147,973c17h01
A,973c03h01pr3489,973c03h02pr3365
P,973c03h12pr2907,973c03h12
P,973c01h01pr9994,973c01h01
A,973c01h01pr9994,973c01h01pr2319
P,973c37h01pr9999,973c37h01
A,973c06h18pr4230,973c31h01pr9747
P,973c01h01pr2737,973c01h01
P,973c12h19pr0353,973c12h19
P,30144pr0122,30144
P,973c03h03pr9796,973c03h03
P,24309pr0007,24309
P,3008pr0043,3008
P,3008pr0044,3008
P,10202pr0013,10202
P,10202pr0014,10202
P,54200pr0004,54200
P,93273pr9993,93273
B,98138pr0201,73095
B,2047,2047c01
R,2047,upn0296
B,upn0296,2047c01
A,98465pr0005,98465pr0008
A,98465pr0007,98465pr0051
B,973p46,973c28h01pr0046
B,973p46,973c31h01pr0046
B,973p25,973c27h01pr0022
B,973p25,973c27h01pr9830
B,973p16,973c27h01pr0016
B,973p72,973c27h01pr0072
B,973p1c,973c27h01pr0203
B,973p3r,973c28h01pr9999
B,973p39,973c28h01pr0039
B,973psq,973c08h01pr0002
B,973psq,973c12h02pr1263
B,973prh,973c34h12pr1484
B,973p20,973c27h01pr1190
A,973e048pr9999,973e047pr9999
P,3626cpr3415,3626c
A,973e014pr0331,973e014pr4916
A,80045a,80045
R,73092,2920
R,73092,2607
M,65304,32054
A,93231,4499
A,47457,41855
R,73092,30159
R,73092,2609a
R,73092,2609b
P,3068bpr0445,3068b
P,3626cpr3347,3626c
P,3626cpr3348,3626c
P,3626cpr3355,3626c
P,3626cpr3364,3626c
P,3626cpr3371,3626c
P,18277pr0005,18277
P,15504pr0005,15504
P,98376pr0003,98376
P,3626cpr3392,3626c
P,3626cpr3389,3626c
P,3626cpr3393,3626c
P,11640pr0006,11640
P,87079pr0243,87079
P,4162pr0084,4162
P,3069bpr0326,3069b
P,3626cpr3362,3626c
P,3626cpr3368,3626c
P,87552pr0011,87552
P,87552pr0012,87552
P,42918pr0005,42918
P,2431pr0166,2431
P,87079pr0244,87079
P,15068pr0045,15068
P,15068pr0046,15068
P,3004pr0070,3004
P,19729pr0038,19729
P,25269pr0029,25269
P,24246pr0015,24246
P,3070bpr0241,3070b
P,24246pr0016,24246
P,24246pr0017,24246
P,3070bpr0248,3070b
P,98138pr0187,98138
P,24246pr0018,24246
P,24246pr0019,24246
P,98138pr0188,98138
P,98138pr0189,98138
P,98138pr0190,98138
P,24246pr0020,24246
P,24246pr0021,24246
P,3070bpr0249,3070b
P,98138pr0191,98138
P,24246pr0024,24246
P,24246pr0025,24246
P,3070bpr0252,3070b
P,3626cpr3416,3626c
P,3626cpr3418,3626c
P,98138pr9987,98138
P,3626cpr3421,3626c
P,3626cpr3424,3626c
P,3626cpr3422,3626c
P,3626cpr3423,3626c
P,3626cpr3425,3626c
P,3626cpr3426,3626c
P,75513pr0001,75513
P,3626cpr3435,3626c
P,3626cpr3419,3626c
P,3626cpr3420,3626c
P,25269pr0028,25269
P,25269pr0027,25269
P,16925c01pr0154,16925
P,3626cpr3417,3626c
P,87079pr0232,87079
P,66857pr0004,66857
P,14769pr1175,14769
P,3626cpr3436,3626c
P,3626cpr3438,3626c
P,11602pr0015,11602
P,92817c01pr0218,92817
P,11818pr0245,11818
P,3626cpr3356,3626c
P,26603pr0044,26603
P,3037pr0021,3037
P,47753pr0021,47753
P,85984pr0023,85984
P,3297pr0028,3297
P,45677pr9998,45677
P,28631pr0341,28631
P,3003pr0158,3003
M,35328,21849
P,35328pr0001,35328
P,35328pr0002,35328
B,76793b,76793c01
B,76793a,76793c01
R,76793a,76793b
P,32474pr1021,32474
P,3960pr9972,3960
P,36036pr0027,36036
R,87777,30325
P,3069bpr0322,3069b
P,2431pr0158,2431
A,2431pr0158,2431pr0017
P,14769pr1173,14769
R,70946,70943
P,67644pr0004,67644
P,18832pr0009,18832
R,65129,65128
P,14769pr1178,14769
P,14769pr1177,14769
A,15320c02,15320c03
A,15320c02,15320c01
P,2302pr0018,2302
P,2302pr0019,2302
P,98223pr9996,98223
P,31333pr0011,31333
A,31213pr9993,31213pr0036
P,31213pr9993,31213
P,4162pr0090,4162
P,3068bpr0498,3068b
P,69073pr0003,69073
P,6239pr0014,6239
P,98138pr9993,98138
P,2586pr0030,2586
P,3626cpr9786,3626c
P,970c00pr9830,970c00
B,upn0272b,737ac01
B,upn0272b,737ac02
B,upn0272a,160ac01
R,upn0260,7864
P,59349pr0007,59349
P,970c00pr9829,970c00
P,970c00pr2050,970c00
P,970c00pr9828,970c00
B,upn0267,564c01
P,973c22h27pr5551,973c22h27
R,72224pr0003,72362pr0001
P,3626cpr9785,3626c
B,upn0267,upn0259c01
P,973c22h01pr5527,973c22h01
P,970c00pr9827,970c00
P,970c00pr2051,970c00
P,970c00pr9826,970c00
P,973c05h03pr0001,973c05h03
P,3626cpr9784,3626c
P,970c00pr9825,970c00
P,21019c00pat004pr2049,21019c00pat004
A,973c27h01pr1196,973c27h01pr3491
A,973c27h01pr1196,973c27h01pr9999
P,21019c00pat004pr2056,21019c00pat004
P,3960pr0047,3960
P,1021Apr0032,1021A
P,30144pr0162,30144
P,30144pr0174,30144
P,30144pr0135,30144
P,30144pr0119,30144
P,30144pr0113,30144
P,30144pr0137,30144
P,30144pr0133,30144
P,30144pr0158,30144
P,21019c00pat004pr2057,21019c00pat004
P,970x135pr2055,970x135
P,970x028pr2053,970x028
P,973c24h26pr5535,973c24h26
P,970c00pr2002,970c00
P,970c00pr2007,970c00
P,973c03h12pr5425,973c03h12
P,970e04pr0002,970e04
P,970c00pr2008,970c00
M,3626cpr0411,3626bpr0411
A,3626cpr0411,3626cpr1578
P,30144pr0148,30144
P,973c31h01pr0001,973c31h01
P,98138pr9992,98138
P,1021Apr0033,1021A
P,98138pr9991,98138
P,69073pr0004,69073
P,970c00pr2047,970c00
P,1021Apr0035,1021A
P,3068bpr0462,3068b
P,3068bpr0463,3068b
P,3068bpr0464,3068b
P,3068bpr0465,3068b
P,3068bpr0466,3068b
P,3068bpr0467,3068b
P,3068bpr0468,3068b
P,3068bpr0469,3068b
P,3068bpr0470,3068b
P,3068bpr0471,3068b
P,3068bpr0472,3068b
P,3068bpr0473,3068b
P,3068bpr0474,3068b
P,3068bpr0475,3068b
P,3068bpr0476,3068b
P,3068bpr0477,3068b
P,3068bpr0478,3068b
P,3068bpr0479,3068b
P,3068bpr0480,3068b
P,3068bpr0481,3068b
P,3068bpr0482,3068b
P,3068bpr0483,3068b
P,3068bpr0484,3068b
P,3068bpr0485,3068b
P,14769pr1179,14769
P,15535pr0008,15535
P,52886pr0001,52886
P,30144pr0171,30144
P,30144pr0048,30144
P,30144pr0273,30144
P,30144pr0242,30144
P,30144pr0210,30144
P,30144pr0272,30144
P,30144pr0187,30144
P,30144pr0223,30144
B,3068bpr9796,3068bc01
B,3068bpr9797,3068bc01
B,3068bpr9798,3068bc01
B,3068bpr9799,3068bc01
B,3068bpr9800,3068bc01
B,3068bpr9801,3068bc01
B,3068bpr9802,3068bc01
B,3068bpr9803,3068bc01
B,3068bpr9804,3068bc01
B,3068bpr9805,3068bc01
B,3068bpr9806,3068bc01
B,3068bpr9807,3068bc01
B,3068bpr9808,3068bc01
B,3068bpr9809,3068bc01
B,3068bpr9810,3068bc01
B,3068bpr9811,3068bc01
B,3068bpr9812,3068bc01
B,3068bpr9813,3068bc01
B,3068bpr9814,3068bc01
B,3068bpr9815,3068bc01
B,3068bpr9816,3068bc01
B,3068bpr9817,3068bc01
B,3068bpr9818,3068bc01
B,3068bpr9819,3068bc01
B,3068bpr9820,3068bc01
B,3068bpr9821,3068bc01
B,3068bpr9822,3068bc01
B,3068bpr9823,3068bc01
B,3068bpr9824,3068bc01
B,3068bpr9825,3068bc01
B,3068bpr9826,3068bc01
B,3068bpr9827,3068bc01
B,3068bpr9828,3068bc01
B,3068bpr9829,3068bc01
B,3068bpr9830,3068bc01
B,3068bpr9831,3068bc01
B,3068bpr9832,3068bc01
B,3068bpr9833,3068bc01
B,3068bpr9834,3068bc01
B,3068bpr9835,3068bc01
B,3068bpr9836,3068bc01
B,3068bpr9837,3068bc01
B,3068bpr9838,3068bc01
B,3068bpr9839,3068bc01
B,3068bpr9840,3068bc01
B,3068bpr9841,3068bc01
B,3068bpr9842,3068bc01
B,3068bpr9843,3068bc01
B,3068bpr9844,3068bc01
B,3068bpr9845,3068bc01
B,3068bpr9846,3068bc01
B,3068bpr9847,3068bc01
B,3068bpr9848,3068bc01
B,3068bpr9849,3068bc01
B,3068bpr9850,3068bc01
B,3068bpr9851,3068bc01
B,3068bpr9852,3068bc01
B,3068bpr9853,3068bc01
B,3068bpr9854,3068bc01
B,3068bpr9857,3068bc01
B,3068bpr9858,3068bc01
B,3068bpr9859,3068bc01
B,3068bpr9860,3068bc01
B,3068bpr9861,3068bc01
B,3068bpr9864,3068bc01
B,3068bpr9866,3068bc01
B,3068bpr9867,3068bc01
B,3068bpr9868,3068bc01
B,3068bpr9869,3068bc01
B,3068bpr9882,3068bc01
B,3068bpr9880,3068bc01
B,3068bpr9879,3068bc01
B,3068bpr9878,3068bc01
B,3068bpr9877,3068bc01
B,3068bpr9876,3068bc01
B,3068bpr9875,3068bc01
B,3068bpr9873,3068bc01
B,3068bpr9872,3068bc01
B,3068bpr9871,3068bc01
B,3068bpr9870,3068bc01
P,973g22c01h01pr3797,973g22c01h01
A,98138pr9993,98138pr0154
P,973g31c01h01pr2748,973g31c01h01
P,973g31c01h01pr4857,973g31c01h01
P,30144pr0192,30144
P,30144pr0315,30144
P,30144pr0274,30144
P,30144pr0221,30144
P,30144pr0101,30144
P,30144pr0114,30144
P,30144pr0201,30144
P,30144pr0112,30144
P,30144pr0316,30144
A,75887,32999
P,970c00pr2005,970c00
P,973c37h01pr5423,973c37h01
P,970c00pr2014,970c00
P,973c34h34pr5438,973c34h34
P,970c00pr2034,970c00
P,973c27h27pr5484,973c27h27
P,973c01h01pr5499,973c01h01
P,973c01h01pr5393,973c01h01
P,970c00pr1996,970c00
P,973c27h01pr5394,973c27h01
P,65783pr0001,65783
P,970c00pr2023,970c00
P,970c00pr2035,970c00
P,970c00pr2010,970c00
P,21019c00pat005pr1999,21019c00pat005
P,21019c00pat005pr1995,21019c00pat005
P,970c00pr2000,970c00
P,970c00pr2003,970c00
P,970c00pr2004,970c00
P,21019x026pat01pr2043,21019x026pat01
A,21019x026pat01pr2043,21019x026pat01pr1808
P,973c03h02pr5431,973c03h02
A,973c03h02pr5431,973c03h02pr0300
P,30144pr9988,30144
P,3626cpr9724,3626c
P,970c00pr2064,970c00
P,87562pr0001,87562
A,973e091pr3827,973e090pr1637
P,24246pr9999,24246
B,24246pr9999,73099
P,24246pr9998,24246
B,24246pr9998,73099
P,24246pr9997,24246
B,24246pr9997,73099
P,24246pr9996,24246
B,24246pr9996,73099
P,24246pr9995,24246
B,24246pr9995,73099
P,24246pr9994,24246
B,24246pr9994,73099
P,24246pr9993,24246
B,24246pr9993,73099
P,98138pr0192,98138
B,98138pr0192,73095
P,98138pr0193,98138
B,98138pr0193,73095
P,98138pr0194,98138
B,98138pr0194,73095
P,98138pr0195,98138
B,98138pr0195,73095
P,98138pr0196,98138
B,98138pr0196,73095
P,98138pr0197,98138
B,98138pr0197,73095
P,98138pr0198,98138
B,98138pr0198,73095
P,98138pr0199,98138
P,98138pr0200,98138
P,98138pr0201,98138
B,98138pr0202,73095
P,30144pr0266,30144
P,30144pr0215,30144
P,30144pr0054,30144
P,30144pr0079,30144
A,10111pr0004,10111pr0002
A,75121pr0019,75121pr0001
B,973p68,973c27h03pr0068
B,98138pr0204,73095
B,24246pr9992,73099
P,24246pr9992,24246
R,3742,3741
A,973c01h01pr4899,973c01h01pr3017
B,2344,4616ac01
P,penupn0036c06pr0001,penupn0036c06
P,penupn0036c09pr0001,penupn0036c09
P,penupn0003pr0001,penupn0003
P,penupn0004pr0001,penupn0004
P,penupn0006pr0001,penupn0006
P,penupn0006pr0002,penupn0006
P,penupn0004pr0002,penupn0004
P,penupn0004pr0003,penupn0004
P,penupn0006pr0004,penupn0006
P,penupn0004pr0004,penupn0004
P,penupn0011pr0001,penupn0011
P,penupn0003pr0002,penupn0003
P,penupn0006pr0003,penupn0006
M,3626cpr9972,3626bpr0837
P,3626cpr9972,3626c
P,970c00pr2170,970c00
M,3626cpr0898,3626bpr0898
M,3626cpr9971,3626bpr0225
P,penupn0003pr0003,penupn0003
P,penupn0004pr0005,penupn0004
P,penupn0003pr0004,penupn0003
P,penupn0004pr0006,penupn0004
P,penupn0004pr0007,penupn0004
P,penupn0004pr0008,penupn0004
P,penupn0006pr0006,penupn0006
P,penupn0006pr0007,penupn0006
P,penupn0006pr0008,penupn0006
P,penupn0004pr0009,penupn0004
P,penupn0004pr0010,penupn0004
P,penupn0004pr0011,penupn0004
P,penupn0004pr0012,penupn0004
P,penupn0006pr0009,penupn0006
P,penupn0006pr0010,penupn0006
P,penupn0003pr0005,penupn0003
P,penupn0003pr0006,penupn0003
P,penupn0003pr0007,penupn0003
P,penupn0004pr0013,penupn0004
P,penupn0004pr0014,penupn0004
P,penupn0004pr0015,penupn0004
P,penupn0006pr0011,penupn0006
P,penupn0006pr0012,penupn0006
P,penupn0006pr0013,penupn0006
P,30144pr0036,30144
P,3068bpr9912,3068b
P,3068bpr9874,3068b
P,3068bpr9863,3068b
P,970d01pr1407,970d00
P,upn0291pr0001,upn0291
P,penupn0004pr0016,penupn0004
P,penupn0004pr0017,penupn0004
P,penupn0004pr0018,penupn0004
P,penupn0006pr0014,penupn0006
P,penupn0003pr0008,penupn0003
P,penupn0003pr0009,penupn0003
P,penupn0003pr0010,penupn0003
P,penupn0003pr0011,penupn0003
P,penupn0005pr0001,penupn0005
P,penupn0006pr0015,penupn0006
P,penupn0006pr0016,penupn0006
P,penupn0004pr0019,penupn0004
P,penupn0004pr0020,penupn0004
P,penupn0004pr0021,penupn0004
P,penupn0004pr0022,penupn0004
P,penupn0004pr0023,penupn0004
P,penupn0003pr0012,penupn0003
P,penupn0004pr0024,penupn0004
P,3068bpr9862,3068b
P,penupn0004pr0025,penupn0004
P,penupn0004pr0026,penupn0004
P,penupn0004pr0027,penupn0004
P,penupn0005pr0002,penupn0005
P,penupn0004pr0028,penupn0004
P,penupn0004pr0029,penupn0004
P,penupn0004pr0030,penupn0004
P,penupn0004pr0031,penupn0004
P,penupn0004pr0032,penupn0004
P,penupn0006pr0017,penupn0006
P,penupn0006pr0018,penupn0006
P,penupn0003pr0013,penupn0003
P,penupn0006pr0019,penupn0006
P,penupn0004pr0033,penupn0004
P,penupn0004pr0034,penupn0004
P,penupn0004pr0035,penupn0004
P,penupn0004pr0036,penupn0004
P,penupn0004pr0037,penupn0004
P,penupn0004pr0038,penupn0004
P,penupn0004pr0039,penupn0004
P,penupn0004pr0040,penupn0004
P,penupn0006pr0020,penupn0006
P,penupn0003pr0014,penupn0003
P,penupn0006pr0021,penupn0006
P,penupn0006pr0022,penupn0006
P,penupn0004pr0041,penupn0004
P,penupn0004pr0042,penupn0004
P,penupn0004pr0043,penupn0004
P,penupn0004pr0044,penupn0004
P,penupn0004pr0045,penupn0004
A,39789,3001
P,penupn0006pr0023,penupn0006
P,penupn0003pr0015,penupn0003
P,penupn0004pr0046,penupn0004
P,penupn0004pr0047,penupn0004
P,penupn0004pr0048,penupn0004
P,penupn0004pr0049,penupn0004
P,penupn0004pr0050,penupn0004
P,penupn0006pr0024,penupn0006
P,penupn0003pr0016,penupn0003
P,penupn0004pr0051,penupn0004
P,penupn0004pr0052,penupn0004
P,penupn0004pr0053,penupn0004
P,penupn0004pr0054,penupn0004
P,penupn0004pr0055,penupn0004
P,penupn0004pr0056,penupn0004
P,penupn0004pr0057,penupn0004
P,penupn0004pr0058,penupn0004
P,penupn0006pr0025,penupn0006
P,penupn0003pr0017,penupn0003
P,penupn0003pr0018,penupn0003
P,penupn0036c10pr0001,penupn0036c10
P,penupn0003pr0019,penupn0003
P,penupn0003pr0020,penupn0003
P,penupn0003pr0021,penupn0003
P,penupn0004pr0059,penupn0004
P,penupn0004pr0060,penupn0004
P,penupn0006pr0026,penupn0006
P,penupn0006pr0027,penupn0006
P,penupn0004pr0061,penupn0004
P,penupn0004pr0062,penupn0004
P,penupn0004pr0063,penupn0004
P,penupn0003pr0022,penupn0003
P,penupn0003pr0023,penupn0003
P,penupn0006pr0028,penupn0006
P,penupn0004pr0064,penupn0004
P,penupn0004pr0065,penupn0004
P,penupn0004pr0066,penupn0004
P,penupn0004pr0067,penupn0004
P,penupn0001pr0001,penupn0001
P,penupn0001pr0002,penupn0001
P,970c00pr2048,970c00
P,penupn0001pr0003,penupn0001
P,penupn0001pr0004,penupn0001
P,penupn0001pr0005,penupn0001
P,penupn0001pr0006,penupn0001
P,penupn0001pr0007,penupn0001
P,penupn0001pr0008,penupn0001
P,penupn0001pr0009,penupn0001
P,penupn0001pr0010,penupn0001
P,penupn0001pr0011,penupn0001
P,penupn0001pr0012,penupn0001
P,penupn0001pr0013,penupn0001
P,penupn0001pr0014,penupn0001
P,penupn0001pr0015,penupn0001
P,penupn0001pr0016,penupn0001
P,973c03h02pr0002,973c03h02
P,penupn0001pr0018,penupn0001
P,penupn0001pr0019,penupn0001
P,penupn0001pr0020,penupn0001
P,penupn0001pr0021,penupn0001
P,penupn0001pr0022,penupn0001
P,penupn0001pr0023,penupn0001
P,penupn0001pr0024,penupn0001
P,penupn0001pr0025,penupn0001
P,penupn0001pr0027,penupn0001
P,penupn0001pr0028,penupn0001
P,penupn0001pr0029,penupn0001
P,penupn0001pr0030,penupn0001
P,penupn0001pr0031,penupn0001
P,penupn0001pr0032,penupn0001
P,penupn0001pr0033,penupn0001
P,penupn0001pr0034,penupn0001
P,penupn0001pr0035,penupn0001
P,penupn0001pr0036,penupn0001
P,penupn0001pr0037,penupn0001
P,penupn0003pr0024,penupn0003
P,penupn0003pr0025,penupn0003
P,penupn0006pr0029,penupn0006
P,3008pr0045,3008
P,penupn0004pr0068,penupn0004
P,penupn0004pr0069,penupn0004
P,penupn0004pr0070,penupn0004
P,penupn0004pr0071,penupn0004
P,penupn0004pr0072,penupn0004
P,penupn0004pr0073,penupn0004
P,penupn0009pr0001,penupn0009
P,penupn0003pr0026,penupn0003
P,penupn0003pr0027,penupn0003
P,penupn0003pr0028,penupn0003
P,penupn0006pr0030,penupn0006
P,penupn0006pr0031,penupn0006
P,penupn0006pr0032,penupn0006
P,penupn0006pr0033,penupn0006
P,penupn0006pr0034,penupn0006
P,penupn0006pr0035,penupn0006
P,penupn0006pr0036,penupn0006
P,penupn0006pr0037,penupn0006
P,penupn0006pr0038,penupn0006
P,penupn0006pr0039,penupn0006
P,penupn0004pr0074,penupn0004
P,penupn0004pr0075,penupn0004
P,penupn0004pr0076,penupn0004
P,penupn0004pr0077,penupn0004
P,penupn0004pr0078,penupn0004
P,penupn0004pr0079,penupn0004
P,penupn0004pr0080,penupn0004
P,penupn0004pr0081,penupn0004
P,penupn0004pr0082,penupn0004
P,penupn0004pr0083,penupn0004
P,penupn0003pr0029,penupn0003
P,penupn0003pr0030,penupn0003
P,penupn0003pr0031,penupn0003
P,penupn0003pr0032,penupn0003
P,penupn0003pr0033,penupn0003
P,penupn0004pr0084,penupn0004
P,penupn0004pr0085,penupn0004
P,penupn0004pr0086,penupn0004
P,penupn0004pr0087,penupn0004
P,penupn0004pr0088,penupn0004
P,penupn0036c04pr0001,penupn0036c04
P,penupn0004pr0089,penupn0004
P,penupn0004pr0090,penupn0004
P,penupn0004pr0091,penupn0004
P,penupn0004pr0092,penupn0004
P,penupn0004pr0093,penupn0004
P,penupn0006pr0040,penupn0006
P,penupn0003pr0034,penupn0003
P,penupn0003pr0035,penupn0003
R,61485,11213
R,61485,89523
P,penupn0003pr0036,penupn0003
P,penupn0006pr0041,penupn0006
P,penupn0001pr0017,penupn0001
P,penupn0001pr0026,penupn0001
P,penupn0004pr0094,penupn0004
P,penupn0004pr0095,penupn0004
P,penupn0004pr0096,penupn0004
P,penupn0003pr0037,penupn0003
P,penupn9973pr0001,penupn9973
P,penupn9973pr0002,penupn9973
P,penupn9973pr0003,penupn9973
P,penupn0003pr0038,penupn0003
P,penupn0004pr0097,penupn0004
P,penupn0004pr0098,penupn0004
A,4623a,4623
M,4623a,88072
P,penupn0003pr0039,penupn0003
P,penupn0011pr0002,penupn0011
P,penupn0003pr0040,penupn0003
P,penupn0004pr0099,penupn0004
P,penupn0036c15pr0001,penupn0036c15
P,penupn0010pr0001,penupn0010
P,penupn0004pr0100,penupn0004
P,penupn0004pr0101,penupn0004
P,penupn0003pr0041,penupn0003
P,penupn0004pr0102,penupn0004
P,penupn0004pr0103,penupn0004
P,penupn0004pr0104,penupn0004
P,penupn0004pr0105,penupn0004
P,penupn0003pr0042,penupn0003
P,penupn0003pr0043,penupn0003
P,penupn0036c09pr0002,penupn0036c09
P,penupn0003pr0044,penupn0003
P,penupn0003pr0045,penupn0003
P,penupn0004pr0106,penupn0004
P,penupn0004pr0107,penupn0004
P,penupn0006pr0042,penupn0006
R,33082,33178
R,33082,33081
B,33178,33178c01
B,33082,33178c01
P,777pr0019,777
R,15038pr0001,23798
R,49294,23798
R,49294,44771
R,49294,54120
R,49294,92912
R,49294,2997
P,98138pr0205,98138
B,98138pr0205,73095
P,98138pr0206,98138
B,98138pr0206,73095
P,penupn0003pr0046,penupn0003
P,penupn0004pr0108,penupn0004
P,penupn0011pr0003,penupn0011
P,penupn0004pr0109,penupn0004
P,penupn0004pr0110,penupn0004
P,3005pr9885,3005
P,3005pr9884,3005
P,3005pr9883,3005
P,penupn0036c01pr0001,penupn0036c01
P,penupn0003pr0047,penupn0003
P,penupn0004pr0111,penupn0004
P,penupn0004pr0112,penupn0004
P,penupn0006pr0043,penupn0006
P,penupn0011pr0004,penupn0011
P,penupn0003pr0048,penupn0003
P,penupn0004pr0113,penupn0004
P,penupn0010pr0002,penupn0010
P,penupn0011pr0005,penupn0011
P,penupn0006pr0044,penupn0006
P,penupn0036c04pr0002,penupn0036c04
P,penupn0004pr0114,penupn0004
P,penupn0004pr0115,penupn0004
P,penupn0003pr0049,penupn0003
P,penupn0011pr0006,penupn0011
P,penupn0010pr0003,penupn0010
P,6180pr0018,6180
P,penupn0036c05pr0001,penupn0036c05
P,penupn0003pr0050,penupn0003
P,penupn0004pr0116,penupn0004
P,penupn0004pr0117,penupn0004
P,penupn0003pr0051,penupn0003
P,penupn0004pr0118,penupn0004
P,penupn0004pr0119,penupn0004
P,penupn0036c12pr0001,penupn0036c12
P,penupn0036c08pr0001,penupn0036c08
P,penupn0004pr0120,penupn0004
P,penupn0004pr0121,penupn0004
P,penupn0036c06pr0002,penupn0036c06
P,penupn0003pr0052,penupn0003
P,penupn0004pr0122,penupn0004
P,penupn0004pr0123,penupn0004
P,penupn0006pr0046,penupn0006
P,penupn0006pr0045,penupn0006
P,penupn0006pr0047,penupn0006
P,penupn0006pr0048,penupn0006
P,penupn0036c10pr0002,penupn0036c10
P,penupn0003pr0053,penupn0003
P,penupn0004pr0124,penupn0004
P,973c03h02pr5517,973c03h02
P,973c05h03pr5521,973c05h03
P,98138pr0158,98138
P,41879apr0001,41879a
P,973c01h01pr0100,973c01h01
R,843,841
P,3069bpr0302,3069b
P,87079pr0239,87079
R,87777,2446
P,3068bpr0488,3068b
P,49311pr0009,49311
B,upn0272a,160ac02
P,4162pr9989,4162
P,970c00pr9822,970c00
B,upn0267,upn0259c02
P,54200pr0005,54200
P,15504pr0004,15504
P,973c03h27pr0001,973c03h27
P,21019c00pat005pr0001,21019c00pat005
P,15210pr0007,15210
P,973c03h03pr0003,973c03h03
R,11435pr0001,11777pr0001
R,44359,44358
P,973c13h27pr0001,973c13h27
T,973c13h27,973c00
P,1022Apr0022,1022A
P,16709pat0003pr0001,16709pat0003
P,32627pr0002,32627
P,37364pr0007,37364
P,970c00pr9821,970c00
T,11938c28,11938
P,970c00pr9820,970c00
P,37364pr0009,37364
P,1043Apr0029,1043A
P,37364pr0010,37364
P,973g01c02h02pr0001,973g01c02h02
P,973c28h27pr0001,973c28h27
P,1043Apr0030,1043A
P,87079pr9977,87079
P,1043Apr0031,1043A
P,3626cpr9781,3626c
P,37364pr0011,37364
P,24093pr0028,24093
P,11055pr0016,11055
P,1043Apr0032,1043A
R,6090,2446
R,6090,71966
R,48489,2446
R,48487,2446
P,3626cpr3434,3626c
P,3626cpr3429,3626c
P,3626cpr3430,3626c
P,3626cpr3431,3626c
P,3626cpr3432,3626c
P,3626cpr3433,3626c
P,93552pr0004,93552
P,1043Apr0033,1043A
P,1043Apr0034,1043A
P,64462pr0009,64462
P,64462pr0010,64462
P,11575pr0005,11575
P,3010pr0082,3010
P,2431pr0169,2431
P,3245cpr0196,3245c
P,3004pr0073,3004
P,3070bpr0257,3070b
P,15068pr0050,15068
P,14769pr1187,14769
P,3622pr0060,3622
P,63864pr0039,63864
P,3245cpr0192,3245c
P,3010pr0081,3010
P,3245cpr0191,3245c
P,15068pr0048,15068
P,41740pr0003,41740
P,65633pr0003,65633
P,3024pr0018,3024
P,54200pr0006,54200
P,3070bpr0240,3070b
P,3070bpr0245,3070b
P,3626cpr3530,3626c
P,3626cpr3525,3626c
P,3626cpr3532,3626c
P,3069bpr0317,3069b
P,4740pr0019,4740
P,65633pr0004,65633
P,4740pr0020,4740
P,92279pr0001,92279
P,25269pr0030,25269
P,27925pr0010,27925
P,27925pr0009,27925
P,65633pr0005,65633
P,19729pr0039,19729
P,3069bpr0333,3069b
P,19729pr0040,19729
P,19729pr0042,19729
P,19729pr0043,19729
P,19729pr0044,19729
P,penupn0006pr0049,penupn0006
B,upn0267,upn0274c01
B,upn0267,upn0274c02
P,973c19h19pr0001,973c19h19
R,48488,2446
B,upn0261,564c01
B,upn0261,upn0259c01
M,6108,14707
R,70695,56145
P,upn0001pr0001,upn0001
P,upn0001pr0002,upn0001
P,upn0001pr0003,upn0001
P,upn0001pr0004,upn0001
P,upn0001pr0005,upn0001
P,upn0001pr0006,upn0001
P,upn0001pr0007,upn0001
P,upn0001pr0008,upn0001
P,upn0001pr0009,upn0001
P,upn0001pr0011,upn0001
P,upn0001pr0012,upn0001
P,upn0001pr0013,upn0001
P,upn0001pr0014,upn0001
P,upn0001pr0015,upn0001
P,upn0001pr0016,upn0001
P,upn0001pr0017,upn0001
P,upn0001pr0018,upn0001
P,upn0001pr0019,upn0001
P,upn0001pr0020,upn0001
P,upn0001pr0021,upn0001
P,upn0001pr0022,upn0001
P,upn0001pr0023,upn0001
P,upn0001pr0024,upn0001
P,upn0001pr0025,upn0001
P,upn0001pr0026,upn0001
P,upn0001pr0027,upn0001
P,upn0001pr0028,upn0001
P,upn0001pr0029,upn0001
P,upn0001pr0030,upn0001
P,upn0001pr0031,upn0001
P,upn0001pr0032,upn0001
P,upn0001pr0033,upn0001
P,upn0001pr0034,upn0001
P,upn0001pr0035,upn0001
P,upn0001pr0036,upn0001
P,upn0001pr0037,upn0001
P,upn0001pr0038,upn0001
P,upn0001pr0039,upn0001
P,upn0001pr0040,upn0001
P,upn0001pr0041,upn0001
P,upn0001pr0042,upn0001
P,upn0001pr0043,upn0001
P,upn0001pr0044,upn0001
P,upn0001pr0045,upn0001
P,upn0001pr0046,upn0001
P,upn0001pr0047,upn0001
P,upn0001pr0048,upn0001
P,upn0001pr0049,upn0001
P,upn0001pr0050,upn0001
P,upn0001pr0051,upn0001
P,upn0001pr0052,upn0001
P,upn0001pr0053,upn0001
P,upn0001pr0054,upn0001
P,upn0001pr0055,upn0001
P,upn0001pr0056,upn0001
P,upn0001pr0057,upn0001
P,upn0001pr0058,upn0001
P,upn0001pr0059,upn0001
P,upn0001pr0060,upn0001
P,upn0001pr0061,upn0001
P,upn0001pr0062,upn0001
P,upn0001pr0063,upn0001
P,upn0001pr0064,upn0001
P,upn0001pr0065,upn0001
P,upn0001pr0066,upn0001
P,upn0001pr0067,upn0001
P,upn0001pr0068,upn0001
P,upn0001pr0069,upn0001
P,upn0001pr0070,upn0001
P,upn0001pr0071,upn0001
P,upn0001pr0072,upn0001
P,upn0001pr0073,upn0001
P,upn0001pr0074,upn0001
P,upn0001pr0075,upn0001
P,upn0001pr0076,upn0001
P,upn0001pr0077,upn0001
P,upn0001pr0078,upn0001
P,upn0001pr0079,upn0001
P,upn0001pr0080,upn0001
P,upn0001pr0081,upn0001
P,upn0001pr0082,upn0001
P,upn0001pr0083,upn0001
P,upn0001pr0084,upn0001
P,upn0001pr0085,upn0001
P,upn0001pr0086,upn0001
P,upn0001pr0087,upn0001
P,upn0001pr0088,upn0001
P,upn0001pr0089,upn0001
P,upn0001pr0090,upn0001
R,upn0435,upn0434
P,upn0001pr0010,upn0001
R,30189,30190
P,98138pr0209,98138
P,98138pr0210,98138
P,98138pr0211,98138
P,98138pr0212,98138
P,98138pr0213,98138
P,98138pr0214,98138
P,1021Apr0034,1021A
P,98138pr0215,98138
P,98138pr0216,98138
P,98138pr0217,98138
P,1021Apr0038,1021A
P,98138pr0218,98138
P,1021Apr0039,1021A
P,98138pr0219,98138
P,1021Apr0040,1021A
P,98138pr0220,98138
P,98138pr0221,98138
P,1021Apr0041,1021A
P,98138pr0222,98138
P,1021Apr0042,1021A
P,98138pr0223,98138
B,upn0261,upn0259c02
P,98138pr0224,98138
P,1021Apr0043,1021A
P,1021Apr0044,1021A
P,1021Apr0045,1021A
R,77180,77182
P,970c00pr9819,970c00
P,970c00pr9818,970c00
P,3626cpr9780,3626c
B,2137,2137c01
B,fabupn0001c,fabupn0001c01
P,14718pr0007,14718
B,98138pr0209,77485
B,98138pr0215,77485
B,98138pr0220,77485
B,98138pr0223,77485
B,98138pr0224,77485
B,upn0104,564c01
B,upn0104,upn0259c01
P,1021Apr0046,1021A
P,6180pr0015,6180
P,1021Apr0047,1021A
T,73213pat0001,73213
T,73213pat0002,73213
P,3626cpr3493,3626c
P,3626cpr3492,3626c
P,3626cpr3582,3626c
P,3626cpr3542,3626c
P,3626cpr3494,3626c
P,1021Apr0048,1021A
P,3626cpr3550,3626c
P,3626cpr3545,3626c
P,penupn0004pr0125,penupn0004
M,67338,33125
P,penupn0003pr0054,penupn0003
P,penupn0003pr0055,penupn0003
P,penupn0004pr0126,penupn0004
P,penupn0011pr0007,penupn0011
P,penupn0006pr0050,penupn0006
P,penupn0003pr0056,penupn0003
P,penupn0004pr0127,penupn0004
P,penupn0004pr0128,penupn0004
P,penupn0004pr0129,penupn0004
P,penupn0004pr0130,penupn0004
P,penupn0011pr0008,penupn0011
P,penupn0003pr0057,penupn0003
P,penupn0003pr0058,penupn0003
P,penupn0011pr0009,penupn0011
P,4066pr9978,4066
P,4066pr9977,4066
P,3068bpr9865,3068b
P,1022Apr0021,1022A
P,18746pr0003,18746
P,93568pat0001pr0002,93568pat0001
P,1022Apr0019,1022A
T,16709pat0013,16709
P,3626cpr0686,3626c
A,3626cpr0686,3626bpr0686
P,17349pr0002,17349
P,973c01h01pr5540,973c01h01
T,16709pat0005,16709
P,28631pr0343,28631
P,98374pr0005,98374
P,973c44h44pr5571,973c44h44
P,970c00pr2069,970c00
P,973c34h34pr5569,973c34h34
T,973c44h44,973c00
P,15504pr0006,15504
P,6636pr0036,6636
P,98138pr0208,98138
A,973c01h01pr2737,973c01h01pr3810
P,penupn0004pr0131,penupn0004
P,penupn0004pr0132,penupn0004
P,penupn0004pr0133,penupn0004
P,penupn0003pr0059,penupn0003
P,penupn0003pr0060,penupn0003
P,penupn0003pr0061,penupn0003
P,penupn0003pr0062,penupn0003
P,penupn0003pr0063,penupn0003
P,penupn0003pr0064,penupn0003
P,penupn0003pr0065,penupn0003
P,penupn0003pr0066,penupn0003
P,penupn0004pr0134,penupn0004
P,penupn0004pr0135,penupn0004
P,penupn0004pr0136,penupn0004
P,penupn0004pr0137,penupn0004
P,penupn0004pr0138,penupn0004
P,penupn0036c15pr0002,penupn0036c15
P,3626cpr0719,3626c
R,40253,40249
R,24308b,66727
R,upn0072,upn0071
P,penupn0003pr0067,penupn0003
P,penupn0003pr0068,penupn0003
P,penupn0003pr0069,penupn0003
P,penupn0004pr0139,penupn0004
P,penupn0004pr0140,penupn0004
P,penupn0006pr0051,penupn0006
P,penupn0004pr0141,penupn0004
P,penupn0004pr0142,penupn0004
P,penupn0004pr0143,penupn0004
P,penupn0003pr0070,penupn0003
P,penupn0003pr0071,penupn0003
P,penupn0003pr0072,penupn0003
P,penupn0006pr0052,penupn0006
P,penupn0006pr0053,penupn0006
P,1021Apr0049,1021A
P,penupn0006pr0055,penupn0006
P,penupn0006pr0056,penupn0006
P,penupn0006pr0057,penupn0006
P,penupn0006pr0058,penupn0006
P,penupn0004pr0144,penupn0004
P,penupn0004pr0145,penupn0004
P,upn0389pr0001,upn0389
P,upn0389pr0002,upn0389
P,upn0389pr0003,upn0389
P,973g22c38h38pr5568,973g22c38h38
P,penupn0011pr0010,penupn0011
P,penupn0004pr0146,penupn0004
M,46189,15461
P,973c28h01pr1076,973c28h01
P,970c00pr2077,970c00
A,970c00pr2077,970c00pr1048
P,973c36h36pr5593,973c36h36
A,973c36h36pr5593,973c36h37pr3364
A,3626cpr3446,3626cpr1910
P,3626cpr3446,3626c
P,3626cpr3445,3626c
P,970c00pr2076,970c00
B,98138pr0210,77485
B,98138pr0216,77485
B,98138pr0221,77485
P,3626cpr3502,3626c
P,3626cpr3506,3626c
P,3626cpr3504,3626c
P,3626cpr3505,3626c
P,3626cpr3501,3626c
P,3626cpr3534,3626c
B,upn0104,upn0259c02
P,2431pr0164,2431
P,66857pr0007,66857
P,64462pr0006,64462
P,64462pr0007,64462
P,64462pr0008,64462
B,upn0104,upn0274c02
P,27925pr0007,27925
P,11408c01pr0005,11408c01
P,11408c01pr0120,11408c01
P,66409pr0010,66409
P,11818pr0263,11818
P,15875c01pr0026,15875
P,15875c01pr0027,15875
P,19729pr0045,19729
B,upn0104,upn0274c01
B,upn0259bb,upn0259c01
B,upn0259bb,upn0274c01
B,upn0259ba,upn0259c01
B,upn0259ba,upn0274c01
B,upn0259bc,upn0259c01
B,upn0259bc,upn0259c02
B,upn0259bc,upn0274c01
B,upn0259c02a,upn0259c02
B,upn0259c02b,upn0259c02
P,upn0284c02pr0001,upn0284c02
P,4150pr0049,4150
A,64228c01,64228
P,87079pr9975,87079
P,14769pr1200,14769
P,14769pr1213,14769
P,14769pr1211,14769
P,14769pr1202,14769
P,14769pr1192,14769
P,14769pr1203,14769
P,14769pr1204,14769
P,14769pr1205,14769
P,14769pr1197,14769
P,14769pr1193,14769
P,14769pr1190,14769
P,14769pr1199,14769
P,14769pr1198,14769
P,14769pr1214,14769
P,14769pr1215,14769
P,14769pr1208,14769
P,14769pr1207,14769
P,14769pr1206,14769
P,14769pr1218,14769
P,14769pr1217,14769
P,14769pr1216,14769
P,14769pr1209,14769
P,14769pr1195,14769
P,14769pr1210,14769
P,14769pr1191,14769
P,14769pr1212,14769
P,14769pr1196,14769
P,14769pr1194,14769
P,14769pr1201,14769
P,67095pr0010,67095
P,67095pr0009,67095
A,3069bpr9989,3069bpr0271
A,31030pat02,31030pat01
P,65428pr0003,65428
P,15504pr0007,15504
P,1022Apr0020,1022A
P,26603pr0053,26603
P,26603pr0054,26603
P,76776pr0002,76776
P,76776pr0001,76776
P,3068bpr0542,3068b
P,69729pr0001,69729
P,69729pr0002,69729
P,28782pr0002,28782
P,92474pr0003,92474
P,92474pr0002,92474
P,3069bpr0337,3069b
T,37191h01,37191
P,3626cpr3522,3626c
P,3626cpr3526,3626c
P,3626cpr3527,3626c
P,36036pr0032,36036
M,79811,98369
P,14769pr1219,14769
P,32474pr0012,32474
P,32474pr0014,32474
P,15875c01pr0028,15875
P,11818pr0258,11818
P,1022Apr0018,1022A
P,973c03h01pr5719,973c03h01
P,973c03h01pr5720,973c03h01
P,973c01h01pr5721,973c01h01
P,973c27h27pr5733,973c27h27
P,973c36h01pr0001,973c36h01
P,973c01h01pr0012,973c01h01
P,14769pr0033,14769
M,53019,93216
B,78820a,78820c01
R,78820b,78820a
P,27372pr0010,27372
P,18721pr0003,18721
A,18721pr0003,18721pr0001
P,98223pr0024,98223
A,65156,4537
P,4066pr9984,4066
P,39924pr0001,39924
A,54530,89278
P,973c27h01pr0030,973c27h01
P,73272pr0001,73272
P,3626cpr9770,3626c
P,973c03h02pr5547,973c03h02
M,60773,13247
M,6412,3808
M,6413,4121
M,15793,51725
A,43871,41979
P,4066pr9974,4066
A,4066pr9974,4066pr0023
P,65633pr0006,65633
P,970c00pr2154,970c00
P,30562pr0005,30562
P,59349pr0012,59349
P,30562pr0006,30562
P,65066pr0003,65066
P,98102pr0002,98102
P,3068bpr0541,3068b
P,87079pr0254,87079
P,19729pr0046,19729
P,19729pr0047,19729
P,3626cpr3537,3626c
P,3626cpr3471,3626c
P,3626cpr3538,3626c
P,64225pr0009,64225
P,98138pr0226,98138
B,98138pr0226,77486
P,98138pr0227,98138
B,98138pr0227,77486
P,98138pr0228,98138
B,98138pr0228,77486
P,98138pr0229,98138
B,98138pr0229,77486
P,98138pr0230,98138
B,98138pr0230,77486
P,98138pr0231,98138
B,98138pr0231,77486
P,98138pr0232,98138
B,98138pr0232,77486
B,78820b,78820c01
P,98138pr0233,98138
P,1022Apr0017,1022A
B,98138pr0233,77486
P,98138pr0234,98138
P,1022Apr0010,1022A
B,98138pr0234,77486
P,98138pr0235,98138
B,98138pr0235,77486
P,98138pr0236,98138
B,98138pr0236,77486
P,98138pr0237,98138
P,1021Apr0050,1021A
B,98138pr0237,77486
P,98138pr0238,98138
P,1021Apr0051,1021A
B,98138pr0238,77486
P,98138pr0239,98138
P,1021Apr0052,1021A
B,98138pr0239,77486
P,98138pr0240,98138
P,1021Apr0053,1021A
B,98138pr0240,77486
P,98138pr0241,98138
B,98138pr0241,77486
P,98138pr0242,98138
P,1021Apr0054,1021A
B,98138pr0242,77486
P,98138pr0243,98138
B,98138pr0243,77486
P,98138pr0244,98138
P,1021Apr0055,1021A
B,98138pr0244,77486
P,98138pr0245,98138
B,98138pr0245,77486
P,98138pr0246,98138
P,1021Apr0056,1021A
B,98138pr0246,77486
P,98138pr0247,98138
B,98138pr0247,77486
P,1021Apr0057,1021A
P,1021Apr0058,1021A
P,98138pr0249,98138
B,98138pr0249,77486
P,98138pr0250,98138
P,1021Apr0059,1021A
B,98138pr0250,77486
P,98138pr0251,98138
P,1021Apr0060,1021A
B,98138pr0251,77486
P,3069bpr0328,3069b
P,15068pr0049,15068
P,970c00pr2096,970c00
P,38801pr0003,38801
P,52031pr0003,52031
P,24946pr0002,24946
A,18651,65249
P,6239pr0015,6239
P,76371pr0194,76371
P,76371pr0195,76371
P,76371pr0190,76371
P,3011pr1048,3011
P,14222pr9995,14222
P,51704pr0006,51704
P,36744pr0001,36744
P,3437pr0159,3437
P,76371pr0188,76371
A,65157pr0004,65157pr0002
R,75266,73564pr0001
P,76371pr0193,76371
P,98223pr0023,98223
P,4198pr9976,4198
P,28592pr0006,28592
P,31110pr0151,31110
P,31110pr0148,31110
P,31110pr0147,31110
P,31110pr0149,31110
P,31110pr0153,31110
P,31110pr0152,31110
P,31110pr0146,31110
P,31110pr0150,31110
P,31110pr0154,31110
P,31110pr0155,31110
R,73564pr0002,75266
P,31333pr9999,31333
P,27372pr0011,27372
P,76371pr0189,76371
P,28592pr0005,28592
P,3437pr0157,3437
R,73550,73552
P,3068bpr0506,3068b
P,2431pr0168,2431
P,2431pr0167,2431
P,87079pr0253,87079
P,87079pr0246,87079
P,26603pr0058,26603
P,14769pr1185,14769
P,36036pr0037,36036
P,36036pr0031,36036
P,36036pr0030,36036
P,36036pr0029,36036
P,36036pr0028,36036
P,15068pr0044,15068
P,92084pr0011,92084
P,85984pr0026,85984
P,15626pr0011,15626
P,15626pr0010,15626
P,90398pr0057,90398
P,11602pr0005,11602
B,72210b,72210
B,72210a,72210
P,973c21h21pr0005,973c21h21
P,47753pr0022,47753
P,65428pr0002,65428
P,970c00pr9817,970c00
P,970c00pr9816,970c00
R,upn0439,upn0438
P,973c21h21pr0006,973c21h21
P,970c00pr9815,970c00
P,973c27h03pr0006,973c27h03
P,970c00pr9814,970c00
P,21560pr0018,21560
P,3626cpr9779,3626c
P,4197pr9997,4197
P,970c00pr9813,970c00
P,973c22h03pr0001,973c22h03
P,3626cpr9778,3626c
P,970c00pr9812,970c00
P,3068bpr9795,3068b
P,970c00pr9811,970c00
P,16925c01pr0011,16925
B,98138pr0213,77485
P,970c00pr9810,970c00
P,3626cpr9777,3626c
P,3068bpr9794,3068b
P,3068bpr9793,3068b
P,973c01h01pr0008,973c01h01
P,14769pr9997,14769
P,970c00pr9809,970c00
P,87079pr9995,87079
P,3068bpr9791,3068b
P,3068bpr9792,3068b
P,1022Apr0016,1022A
P,1022Apr0015,1022A
P,3626cpr9776,3626c
P,3626cpr9775,3626c
P,970c00pr9808,970c00
P,3068bpr9790,3068b
P,3068bpr9789,3068b
P,1022Apr0014,1022A
P,3068bpr9788,3068b
P,3068bpr9787,3068b
P,3068bpr9786,3068b
P,3068bpr9785,3068b
P,3068bpr9784,3068b
P,1022Apr0013,1022A
P,3068bpr9783,3068b
P,3068bpr9782,3068b
P,1022Apr0012,1022A
P,3068bpr9781,3068b
P,3068bpr9780,3068b
P,1022Apr0011,1022A
P,3068bpr9779,3068b
P,3068bpr9778,3068b
P,973c01h01pr0009,973c01h01
P,3626cpr9774,3626c
P,970c00pr9807,970c00
P,66857pr9999,66857
P,3068bpr9777,3068b
P,1022Apr0035,1022A
P,970c00pr9806,970c00
P,24246pr0029,24246
P,3626cpr9773,3626c
P,970c00pr9805,970c00
P,970c00pr9804,970c00
P,973c22h22pr0002,973c22h22
P,970c00pr9803,970c00
P,973c01h01pr0010,973c01h01
P,970c00pr9802,970c00
P,3626cpr9772,3626c
P,970c00pr9801,970c00
P,970c00pr9800,970c00
P,970c00pr9799,970c00
P,3626cpr9771,3626c
P,973c01h01pr0011,973c01h01
P,970c00pr9798,970c00
P,973c03h03pr0004,973c03h03
P,970c00pr9797,970c00
P,3068bpr9776,3068b
A,51711pr0004,51711pr0001
P,3068bpr9774,3068b
P,1022Apr0036,1022A
P,1021Apr0061,1021A
P,1021Apr0066,1021A
P,1021Apr0077,1021A
P,1021Apr0182,1021A
P,1043Apr0035,1043A
P,3626cpr9744,3626c
P,3626cpr9743,3626c
P,3626cpr9742,3626c
P,21019c00pat002pr0002,21019c00pat002
P,3626cpr9741,3626c
P,973c28h22pr0001,973c28h22
P,973c03h03pr5832,973c03h03
P,75902pr0020,75902
P,3626cpr9740,3626c
P,75902pr0021,75902
P,21019c00pat011pr0001,21019c00pat011
A,973c01h01pr0017,973c01h01pr1440
P,973c01h01pr0017,973c01h01
P,30144pr0044,30144
R,56908,69912
A,3149fc01,3149ac01
M,4555c03pr0048,4555c03pr0065
R,dupupn0107,dupupn0087pr0001
R,32165,upn0228
M,31363c02pr0001,31363c01pr0005
R,2102,2103
R,2104,2103
B,92908,92908c01
B,92909,92908c01
M,89650,47296
R,3464,3641
R,4480c01,4483
P,3626cpr0776,3626c
A,3626cpr0776,3626bpr0776
R,4183,4181
R,4183,4182
P,93218pr0001,93218
M,39767,6157
M,53912,2525
P,87079pr9973,87079
P,970c00pr9779,970c00
A,970c00pr9779,970c00pr0957
P,22385pr0133,22385
P,973c03h27pr5717,973c03h27
P,970c00pr2145,970c00
P,3626cpr3560,3626c
P,3626cpr3561,3626c
P,69729pr0004,69729
P,69729pr0005,69729
P,69729pr0006,69729
P,60477pr0001,60477
P,63864pr0041,63864
P,26603pr0061,26603
B,83197a,83197
P,3626cpr3597,3626c
P,3626cpr3596,3626c
P,973c22h27pr5787,973c22h27
P,98138pr0255,98138
P,6180pr0024,6180
P,3049dpr0001,3049d
P,973c03h03pr5831,973c03h03
P,14718pr0008,14718
P,42545pr0005,42545
P,60581pr0030,60581
R,69910,57520
R,69910,57519
P,3626cpr3536,3626c
P,75522pr0018,75522
P,32474pr1023,32474
P,970c00pr2141,970c00
P,3070bpr0260,3070b
P,3626cpr3523,3626c
P,3626cpr3524,3626c
B,3068bpr9776,79994
P,3068bpr9775,3068b
B,3068bpr9775,79994
B,3068bpr9774,79994
P,3068bpr9772,3068b
B,3068bpr9772,79994
P,3068bpr9771,3068b
B,3068bpr9771,79994
P,3068bpr9770,3068b
B,3068bpr9770,79994
P,3068bpr9769,3068b
B,3068bpr9769,79994
P,3068bpr9768,3068b
B,3068bpr9768,79994
P,3068bpr9767,3068b
B,3068bpr9767,79994
P,3068bpr9766,3068b
B,3068bpr9766,79994
P,3068bpr9765,3068b
B,3068bpr9765,79994
P,3068bpr9764,3068b
B,3068bpr9764,79994
P,3068bpr9763,3068b
B,3068bpr9763,79994
P,3068bpr9762,3068b
B,3068bpr9762,79994
P,3068bpr9773,3068b
B,3068bpr9773,79994
P,3068bpr9761,3068b
B,3068bpr9761,78171
P,3068bpr9760,3068b
P,3068bpr9759,3068b
B,3068bpr9759,78171
P,3068bpr9758,3068b
B,3068bpr9758,78171
P,3068bpr9757,3068b
P,1022Apr0037,1022A
B,3068bpr9757,78171
P,3068bpr9756,3068b
P,14718pr0009,14718
B,3068bpr9756,78171
P,3068bpr9755,3068b
B,3068bpr9755,78171
P,3068bpr9754,3068b
A,19727pr0007,19727pr0004
B,3068bpr9754,78171
P,3068bpr9753,3068b
B,3068bpr9753,78171
P,3068bpr9752,3068b
P,1022Apr0038,1022A
B,3068bpr9752,78171
P,3068bpr9751,3068b
B,3068bpr9751,78171
P,3068bpr9750,3068b
B,3068bpr9750,78171
P,3068bpr9749,3068b
B,3068bpr9749,78171
P,3068bpr9748,3068b
B,3068bpr9748,78171
P,3068bpr9747,3068b
P,1022Apr0039,1022A
B,3068bpr9747,78171
P,3068bpr9746,3068b
B,3068bpr9746,78171
B,3068bpr9760,78171
M,3626cpr0719,3626bpr0719
P,28621pr3549,28621
P,28621pr3509,28621
P,28621pr3498,28621
P,3626cpr1168,3626c
M,3626cpr1168,3626bpr1168
R,54097,54096
P,970c00pr2031,970c00
P,970c00pr2036,970c00
P,970c00pr2037,970c00
P,970c00pr2058,970c00
P,970c00pr2061,970c00
P,970c00pr2074,970c00
P,970c00pr2085,970c00
P,970c00pr2091,970c00
P,970c00pr2092,970c00
P,970c00pr2094,970c00
P,970c00pr2095,970c00
P,970c00pr2103,970c00
P,970c00pr2127,970c00
P,970c00pr2130,970c00
P,970c00pr2131,970c00
P,970c00pr2133,970c00
P,970c00pr2139,970c00
P,970c00pr2140,970c00
P,4066pr9976,4066
P,4066pr9975,4066
P,6892c02pr0001,6892
T,upn0114c01,upn0114
A,upn0114c02,upn0114c01
T,upn0114c02,upn0114
R,45601,55422
P,50950pr0001,50950
P,59349pr0014,59349
B,58135,58122
B,919,58119
B,32344,32344c01
B,32344,32344c02
B,32344,32344c03
R,32021,32023
R,3443c01,699
R,3443c02,699
B,30348,30346c01
P,3009pr0064,3009
P,87926pr0003,87926
P,30367cpr1023,30367c
P,87926pr0004,87926
P,64225pr0008,64225
P,11818pr0256,11818
P,15875c01pr0024,15875
P,973c22h22pr5550,973c22h22
P,973c03h27pr5548,973c03h27
P,973c03h03pr5543,973c03h03
P,1022Apr0040,1022A
P,973c22h27pr5622,973c22h27
P,973c03h03pr5662,973c03h03
P,973c03h03pr5494,973c03h03
P,973c01h01pr5641,973c01h01
P,973c28h01pr5642,973c28h01
R,67588,68157
R,98172pr0003,98173pr0003
P,973c22h27pr5618,973c22h27
P,973c28h27pr5619,973c28h27
P,973c27h27pr5603,973c27h27
P,973c27h27pr5621,973c27h27
P,74164pr0001,74164
R,49743,46537
R,49743,70694
P,13392pr0002,13392
R,38943c03pr0001,21353c02pr0001
R,64800,86058
R,2092c01,42400c01
R,2092c01,42400c02
R,2092c01,42400c03
R,2092c01,42400c04
A,5306ac015,5306a
A,5306bc036,5306b
A,5306bc015,5306b
A,5306bc017,5306b
A,5306bc020,5306b
R,87562pr0001,90255
R,26269,26270
A,5306bc021,5306b
A,5306bc026,5306b
A,5306bc046,5306b
A,5306bc378,5306b
A,5306bc162,5306b
A,5306bc011,5306b
A,5306bc033,5306b
R,41855pr0010,41855pr0009
P,3626cpr6366645,3626c
A,884c,884b
A,884c,884a
A,884b,884a
R,3691,upn0220
R,2619,2684c01b
B,upn0275,upn0274c01
B,upn0275,upn0274c02
B,55206,55206c04
B,55206,55206c05
B,55206,55206c06
B,55206,60125
B,55206,62931
B,55206,54870
P,973c21h21pr5764,973c21h21
P,973c21h21pr5760,973c21h21
P,973c21h21pr5759,973c21h21
P,973c03h03pr5755,973c03h03
P,970c00pr6366629,970c00
P,973c03h02pr5699,973c03h02
P,973c14h14pr5739,973c14h14
P,973c03h02pr5743,973c03h02
P,973c03h02pr5745,973c03h02
P,973c21h21pr5746,973c21h21
P,973c12h12pr5749,973c12h12
P,973c03h02pr5613,973c03h02
P,973c09h02pr5616,973c09h02
P,973c01h01pr5661,973c01h01
P,973c03h02pr5682,973c03h02
P,973c03h02pr5695,973c03h02
P,973c03h01pr5486,973c03h01
P,973c28h03pr5555,973c28h03
P,973c24h03pr5577,973c24h03
P,973c03h12pr5643,973c03h12
P,973c03h02pr5698,973c03h02
T,973c31h03,973c00
P,973c19h19pr5752,973c19h19
P,1021Apr0062,1021A
P,1043Apr0036,1043A
P,1043Apr0038,1043A
P,1043Apr0039,1043A
P,1043Apr0040,1043A
P,1043Apr0044,1043A
P,1043Apr0045,1043A
P,1043Apr0046,1043A
P,1043Apr0047,1043A
P,1043Apr0048,1043A
P,1043Apr0049,1043A
P,1043Apr0050,1043A
P,1043Apr0051,1043A
P,1043Apr0052,1043A
P,1043Apr0053,1043A
P,1043Apr0054,1043A
P,1043Apr0055,1043A
P,1043Apr0056,1043A
P,1043Apr0057,1043A
P,1043Apr0058,1043A
P,1043Apr0059,1043A
P,1043Apr0060,1043A
P,1043Apr0061,1043A
P,1043Apr0062,1043A
P,1051Apr0001,1051A
P,1051Apr0003,1051A
P,1051Apr0005,1051A
P,1051Apr0006,1051A
P,1051Apr0007,1051A
P,1051Apr0008,1051A
P,1051Apr0009,1051A
P,1051Apr0010,1051A
P,1051Apr0011,1051A
P,1051Apr0012,1051A
P,1051Apr0013,1051A
P,1051Apr0014,1051A
P,1051Apr0015,1051A
P,1051Apr0016,1051A
P,1051Apr0017,1051A
P,1051Apr0018,1051A
P,1124pr0001,1124
R,4275b,4276b
R,4275b,4531
R,4531,2433
P,26603pr0052,26603
P,3626cpr3486,3626c
P,3626cpr3487,3626c
P,3626cpr3495,3626c
P,3626cpr3496,3626c
P,3626cpr3497,3626c
P,3626cpr3488,3626c
P,973c03h02pr5676,973c03h02
P,87079pr0252,87079
P,60581pr9995,60581
P,21019c00pat005pr9999,21019c00pat005
P,21019c00pat004pr2122,21019c00pat004
P,3010apr0010,3010a
P,76371pr9983,76371
P,30261pr9999,30261
P,3009apr0042,3009a
P,3009apr0043,3009a
P,4744pr0048,4744
P,4744pr0049,4744
A,47515pr0003,47515pr0001
P,26603pr0055,26603
M,76371pr9983,4066pr9972
P,3626cpr3577,3626c
P,3626cpr3573,3626c
P,3626cpr3574,3626c
P,3626cpr3575,3626c
P,3626cpr3576,3626c
P,3626cpr3490,3626c
P,3626cpr3491,3626c
P,3626cpr3428,3626c
P,98165pr0016,98165
P,39039pr0003,39039
P,37675pr0002,37675
P,37674pr0002,37674
P,39040pr0003,39040
P,87610pr0356,87610
P,3068bpr0539,3068b
P,45677pr0018,45677
P,3062bpr0030,3062b
P,2431pr0165,2431
P,14769pr1183,14769
P,30350bpr0020,30350b
P,3069bpr0325,3069b
P,87079pr0242,87079
P,970c00pr2150,970c00
P,970c00pr2151,970c00
P,970c00pr2155,970c00
P,970c00pr2156,970c00
P,98162pr0010,98162
P,98163pr0010,98163
P,973c03h02pr5542,973c03h02
P,973c26h01pr5669,973c26h01
P,973c12h19pr5777,973c12h19
P,973c34h01pr5491,973c34h01
P,3062bpr9967,3062b
P,3062bpr9970,3062b
P,3062bpr9972,3062b
P,3062bpr9973,3062b
P,3062bpr9975,3062b
P,3062bpr9976,3062b
P,3062bpr9977,3062b
P,3062bpr9978,3062b
P,3062bpr9980,3062b
P,3062bpr9981,3062b
P,3062bpr9983,3062b
P,3062bpr9984,3062b
P,3062bpr9985,3062b
P,3062bpr9986,3062b
P,3062bpr9987,3062b
P,3062bpr9988,3062b
P,3062bpr9989,3062b
P,3062bpr9993,3062b
P,3062bpr9994,3062b
P,3062bpr9995,3062b
P,3062bpr9997,3062b
M,3626bpr0966,3626cpr0966
R,21858,21747
R,33721a,33721b
B,67720a,67720c01
R,67720b,67720a
P,30144pr0100,30144
P,30144pr0200,30144
P,penupn0006pr0054,penupn0006
A,68888,48723
P,970c00pr0319,970c00
A,12622c01,12622c02
M,65094,18937c01
A,18937c00,18937c01
A,41854pr0013,41854pr0015
P,3626bpr0940,3626b
P,98835pr0013,98835
M,73562,18671
M,30585a,30585b
M,2578b,2578a
B,belupn0010c,belupn0010
B,belupn0010a,belupn0010
B,belupn0010d,belupn0010
B,belupn0010b,belupn0010
R,71861,48245
B,6933a,6933
B,6933b,6933
B,6933c,6933
M,3001e,3001
M,4330,556
R,2138,2140
A,3068bpr0136,3068bpr0137
A,3068bpr0091,3068bpr0137
A,3068bpr0095,3068bpr0137
R,28327,57895
P,3068bpr0443,3068b
P,6179pr9983,6179
P,970x001pr2138,970x001
P,21019c00pat005pr2090,21019c00pat005
R,67872,6360
R,73878,60601
R,73878,38320
P,6309pr0076,6309
B,55455,55455c01
R,upn0305,71793
P,3062bpr9974,3062b
P,3062bpr9982,3062b
P,3062bpr9991,3062b
P,3062bpr9996,3062b
B,67720b,67720c01
R,67872,92094
P,1022Apr0041,1022A
P,1022Apr0042,1022A
P,1022Apr0043,1022A
P,1022Apr0044,1022A
P,1022Apr0045,1022A
P,1022Apr0046,1022A
P,1022Apr0047,1022A
P,1022Apr0048,1022A
P,1022Apr0049,1022A
P,1022Apr0050,1022A
P,1022Apr0051,1022A
P,1022Apr0052,1022A
P,1022Apr0053,1022A
P,1022Apr0055,1022A
P,1022Apr0056,1022A
P,1022Apr0058,1022A
P,1022Apr0059,1022A
P,1022Apr0061,1022A
P,1022Apr0063,1022A
P,1022Apr0064,1022A
P,1022Apr0065,1022A
P,1022Apr0066,1022A
P,1022Apr0068,1022A
P,1022Apr0069,1022A
P,1022Apr0071,1022A
P,1022Apr0072,1022A
P,1022Apr0073,1022A
P,1022Apr0074,1022A
P,1022Apr0075,1022A
P,1022Apr0076,1022A
P,1022Apr0077,1022A
P,1022Apr0078,1022A
P,1022Apr0079,1022A
P,1022Apr0080,1022A
P,1022Apr0081,1022A
P,1022Apr0082,1022A
P,1022Apr0083,1022A
P,1022Apr0084,1022A
P,1022Apr0085,1022A
P,1022Apr0086,1022A
P,1022Apr0087,1022A
P,1022Apr0088,1022A
P,1022Apr0089,1022A
P,1022Apr0090,1022A
P,1022Apr0091,1022A
P,1022Apr0092,1022A
P,1022Apr0093,1022A
P,1022Apr0094,1022A
P,1022Apr0095,1022A
P,1022Apr0096,1022A
P,1022Apr0097,1022A
P,1022Apr0098,1022A
P,1022Apr0099,1022A
P,1022Apr0100,1022A
P,1022Apr0101,1022A
P,1022Apr0102,1022A
P,1022Apr0103,1022A
P,1022Apr0104,1022A
P,1022Apr0105,1022A
P,1022Apr0106,1022A
P,1022Apr0107,1022A
P,1022Apr0109,1022A
P,1022Apr0110,1022A
P,1021Apr0183,1021A
P,1021Apr0186,1021A
P,1043Apr0041,1043A
P,1043Apr0042,1043A
P,1043Apr0043,1043A
P,1051Apr0002,1051A
P,1051Apr0004,1051A
P,1051Apr0019,1051A
P,14769pr1223,14769
P,970x026pr2163,970x026
P,32474pr1024,32474
P,3070bpr0259,3070b
P,3070bpr0261,3070b
P,970c00pr2142,970c00
R,98170pr0003,98171pr0003
R,38943c03pr0001,68149
R,38943c03pr0001,98162pr0008
R,21148,21353c01pr0001
R,21148,21353c02pr0001
R,38943c02pr0001,20441
R,38943c02pr0001,20439
R,38943c02pr0001,21353c01pr0001
R,38943c02pr0001,98162pr0009
R,38943c02pr0001,98163pr0009
R,38943c02pr0001,21144c01pr0001
R,20870pr0001,20439
R,20870pr0001,20441
R,40374pr0005,40373pr0005
R,49972pr0001,53309pr0001
R,39039pr0002,20439
R,39039pr0002,20441
R,39039pr0002,53309pr0001
R,39039pr0002,37674pr0001
R,39039pr0002,39040pr0002
R,39039pr0002,37675pr0001
R,39124,40199pr0045
R,39124,40199pr0044
R,39124,40199pr0053
R,39124,72127pr0001
R,54087,70695
R,42716,70695
R,44292,70695
R,40373pr0002,40374pr0002
R,40373pr0004,40374pr0004
R,40373pr0001,40374pr0001
R,40373pr0003,40374pr0003
R,39039pr0003,53309pr0002
R,39039pr0003,39040pr0003
R,39039pr0003,68150
R,39039pr0003,68149
R,39039pr0003,37675pr0002
R,53309pr0002,49972pr0002
M,62821b,62821a
M,62821c,62821a
R,38943c01pr0001,36690
R,38943c01pr0001,36688
R,38943c01pr0001,38910pr0001
R,38943c01pr0001,98163pr0005
R,38943c01pr0001,21144c02pr0001
R,38943c01pr0001,98162pr0005
R,38897pr0001,38910pr0001
B,82545b,82545
B,82545a,82545
M,clikupn0086a,clikupn0086b
M,clikupn0075b,clikupn0075a
M,clikupn0074b,clikupn0074a
R,38897pr0002,38910pr0002
R,38943c01pr0002,21144c02pr0003
R,38943c01pr0002,36690
R,38943c01pr0002,36688
R,38943c01pr0002,98162pr0010
R,38943c01pr0002,98163pr0010
R,38943c01pr0002,38910pr0002
R,98165pr0012,38944pr0001
R,98165pr0012,20449pr0002
R,98165pr0012,20450pr0002
R,98165pr0012,98068pr0003
R,98165pr0012,98069pr0003
R,37407pr0001,38944pr0001
R,37407pr0001,38944pr0002
R,98165pr0007,38944pr0002
R,98165pr0007,20449pr0002
R,98165pr0007,20450pr0002
R,98165pr0007,98068pr0003
R,98165pr0007,98069pr0003
R,39039pr0001,20439
R,39039pr0001,37675
R,39039pr0001,39040pr0001
R,98165pr0009,98065pr0009
R,98165pr0009,98072pr0009
R,98165pr0009,98071pr0009
R,98165pr0009,98069pr0003
R,38943c03pr0001,68150
R,38943c03pr0001,98163pr0008
R,98653pr0003,98088pat0004
R,98653pr0003,98089pat0004
R,98089pat0004,98088pat0004
R,98088pat0001,98089pat0001
R,98088pat0002,98089pat0002
R,98088pat0005,98089pat0005
R,98653pr0002,98087
R,98653pr0002,98088pat0005
R,98653pr0002,98089pat0005
R,98653pr0002,98086pr0002
R,98653pr0002,98088pat0002
R,98653pr0001,98086pr0001
R,98653pr0001,98088pat0001
R,98653pr0001,98089pat0001
R,98165pr0014,36688
R,98165pr0014,68228pr0001
R,98165pr0014,20449pr0003
R,98165pr0014,20450pr0003
R,98165pr0013,49653pr0001
R,98165pr0013,49654pr0001
R,98165pr0013,98065pr0010
R,98165pr0013,98065pr0007
R,98165pr0013,98071pr0007
R,98165pr0013,98072pr0007
R,54214,54215
R,upn0364pr0001,54163
R,upn0364pr0001,54166
R,upn0364pr0001,54131
R,upn0364pr0001,54129
R,upn0364pr0001,54128
R,upn0364pr0001,54132
R,upn0364pr0001,54214
R,upn0364pr0001,54215
R,upn0043,upn0044
R,upn0043,54128
R,upn0043,54129
R,upn0043,upn0045
R,upn0043,upn0047
R,98165pr0016,38434pr0002
R,98165pr0016,36690
R,98165pr0016,36688
R,98165pr0016,20449pr0004
R,98165pr0016,20450pr0004
R,98165pr0011,98068pr0003
R,98165pr0011,98069pr0003
R,98165pr0011,98065pr0011
R,98165pr0011,98071pr0011
R,98165pr0011,98072pr0011
R,98165pr0015,49653pr0001
R,98165pr0015,49654pr0001
R,98165pr0015,98071pr0012
R,98165pr0015,98072pr0012
R,98165pr0015,98065pr0012
R,98165pr0001,98068pr0001
R,98165pr0001,98069pr0001
R,98165pr0001,98065pr0001
R,98165pr0001,98071pr0001
R,98165pr0001,98072pr0001
R,98165pr0008,98068pr0003
R,98165pr0008,98069pr0003
R,98165pr0008,98065pr0008
R,98165pr0008,98071pr0008
R,98165pr0008,98072pr0008
R,98165pr0003,98068pr0003
R,98165pr0003,98069pr0003
R,98165pr0003,98071pr0003
R,98165pr0003,98072pr0003
R,98165pr0003,98065pr0003
R,98165pr0004,98068pr0003
R,98165pr0004,98069pr0003
R,98165pr0004,98071pr0004
R,98165pr0004,98072pr0004
R,98165pr0004,98065pr0004
R,98165pr0006,98068pr0003
R,98165pr0006,98069pr0003
R,98165pr0006,98065pr0006
R,98165pr0006,98071pr0006
R,98165pr0006,98072pr0006
R,98165pr0005,98068pr0003
R,98165pr0005,98069pr0003
R,98165pr0005,98065pr0005
R,98165pr0005,98071pr0005
R,98165pr0005,98072pr0005
R,98165pr0002,98068pr0001
R,98165pr0002,98069pr0001
R,98165pr0002,98065pr0002
R,98165pr0002,98071pr0002
R,98165pr0002,98072pr0002
R,98160pr0002,98058pr0001
R,98160pr0002,98059pr0001
R,98160pr0002,98161pr0002
R,98160pr0002,98162pr0002
R,98160pr0002,98163pr0002
P,14769pr0144,14769
P,55889pr0001,55889
P,69729pr0003,69729
A,98138pr0186,98138pr0012
P,4066pr9983,4066
P,dupupn0019pr0001,dupupn0019
P,4066pr9972,4066
P,29988pr0002,29988
P,29988pr0001,29988
A,50986pr0002,50986pr0001
P,973c26h01pr5640,973c26h01
P,3626cpr3557,3626c
P,3626cpr3552,3626c
P,3626cpr3553,3626c
P,3626cpr3554,3626c
P,3626cpr3551,3626c
R,69755,69767
P,973c03h03pr5769,973c03h03
P,973c03h02pr5770,973c03h02
P,970c00pr2147,970c00
A,973c09h18pr0001,973c09h18pr3110
P,970x199pr2146,970x199
M,72132,87609
M,64872,57515
P,penupn0004pr0156,penupn0004
P,penupn0004pr0157,penupn0004
P,penupn0004pr0158,penupn0004
P,penupn0004pr0159,penupn0004
P,penupn0004pr0160,penupn0004
A,4555c03pr0056,4555c03pr0061
A,4943pr0013,4943pr0007
A,4943pr0014,4943pr0008
P,3626cpr3528,3626c
R,39039pr0003,37674pr0002
R,39039pr0001,20441
R,39039pr0001,39024pr0001
R,39028,39024pr0001
R,98165pr0009,98068pr0003
R,98653pr0003,98086pr0004
R,98653pr0002,98086pr0005
P,68228pr0001,68228
R,98160pr0002,98159pr0002
R,89908,86055
P,14734pr0009,14734
P,66565pr0023,66565
P,98138pr0256,98138
P,15875c01pr0029,15875
P,66409pr0012,66409
P,80909pr0001,80909
P,80909pr0002,80909
A,67696,57910
R,3761,791
P,21019c00pat004pr6397,21019c00pat004
P,3626cpr6366649,3626c
P,970c00pr6366648,970c00
P,973c01h01pr6375608,973c01h01
P,973c01h01pr6376221,973c01h01
P,973c06h01pr6378414,973c06h01
P,973c27h01pr6378366,973c27h01
P,98138prNEW,98138
M,brickslot2x4b,brickslot2x4
M,brickslot2x4c,brickslot2x4
A,brickslot2x4d,3001
M,brickslot2x4e,brickslot2x4
P,14718pr9995,14718
P,14769pr6366174,14769
P,6179pr6366170,6179
P,87079pr6366175,87079
P,970c00pr6366635,970c00
P,3626cpr6366633,3626c
M,40687,30157
R,6365679,44224
R,6365679,47455
P,30144pr9987,30144
P,14718pr9994,14718
P,16925c01pr6382001,16925
P,16925c01pr6373398,16925
P,11818pr6373408,11818
P,11408c01pr6382947,11408c01
A,194c02,194c04
R,upn0101pr0001,3474
P,973c22h01pr5737,973c22h01
P,2446pr9999,2446
P,970c00pr1960,970c00
P,973c37h01pr5736,973c37h01
P,11477pr0013,11477
R,31226pr0002,31222
A,2431pr9996,2431pr0077
P,2431pr9996,2431
P,87702c02pr0001,87702c01
P,87702c03pr0001,87702c01
P,87702c04pr0001,87702c01
P,26603pr0060,26603
P,93273pr0019,93273
P,93606pr0008,93606
P,93606pr0009,93606
R,43097,61904
R,69910,42529
A,3069bpr0302,3069bpr0130
A,98138pr0185,98138pr0024
R,30339,30338
R,30463,6028
R,30457,30456
R,30457,30459
R,30457,6127
R,30457,6128
R,89891pr0002,89899
R,89891pr0002,89898
R,89891pr0002,89895
P,3626cpr3345,3626c
P,3626cpr3314,3626c
P,3626cpr3346,3626c
P,3626cpr3539,3626c
P,3626cpr3533,3626c
P,3626cpr3535,3626c
P,11477pr0014,11477
P,3626cpr3540,3626c
P,970c00pr1963,970c00
P,973c01h03pr5747,973c01h03
P,2447pr0024,2447
P,970c00pr1962,970c00
P,75537pr0017,75537
P,75537pr0020,75537
P,970c00pr1961,970c00
P,2446pr9998,2446
P,970c00pr1967,970c00
R,39039pr0001,37674
R,98653pr0002,98089pat0002
R,98653pr0001,98087
R,98165pr0014,36690
R,98057pr0001,98161pr0001
R,98057pr0001,98161pr0002
R,98160pr0001,98058pr0001
R,98160pr0001,98059pr0001
R,98160pr0001,98162pr0001
R,98160pr0001,98163pr0001
R,98160pr0001,98159pr0001
R,98160pr0001,98161pr0001
R,40390,30459pr0001
R,40390,30459pr0002
R,40390,6027
A,3626cpr1635,3626bpr0952
R,98165pr0010,36690
R,98165pr0010,36688
R,98165pr0010,38434pr0001
R,98165pr0010,20449pr0001
R,98165pr0010,20450pr0001
R,40380c01pr0001,40374pr0001
R,40380c01pr0001,40373pr0001
R,40382c01pr0001,40374pr0001
R,40382c01pr0001,40373pr0001
R,40382c01pr0002,40374pr0002
R,40382c01pr0002,40373pr0002
R,40380c01pr0004,40374pr0004
R,40382c01pr0004,40374pr0004
R,40382c01pr0004,40373pr0004
R,40380c01pr0003,40374pr0003
R,40380c01pr0003,40373pr0003
R,11893pr0002,98169pr0002
R,11893pr0002,98170pr0002
R,11893pr0002,98172pr0002
R,11893pr0002,98171pr0002
R,11893pr0001,98169pr0001
R,11893pr0001,98170pr0001
R,11893pr0001,98172pr0001
R,11893pr0001,98171pr0001
R,11893pr0001,98173pr0001
R,98160pr0003,98058pr0003
R,98160pr0003,98059pr0003
R,98160pr0003,98161pr0003
R,98160pr0003,98162pr0003
R,98160pr0003,98163pr0003
R,98160pr0003,98159pr0003
R,98057pr0003,98161pr0003
R,98057pr0003,98161pr0004
R,98057pr0003,98161pr0005
R,98057pr0003,98161pr0006
R,98160pr0004,98161pr0004
R,98160pr0004,98162pr0004
R,98160pr0004,98163pr0004
R,98160pr0004,98159pr0004
R,98160pr0004,98058pr0003
R,98160pr0004,98059pr0003
R,98160pr0006,98161pr0005
R,98160pr0006,98162pr0006
R,98160pr0006,98163pr0006
R,98160pr0006,98159pr0005
R,98160pr0006,98058pr0003
R,98160pr0006,98059pr0003
R,98160pr0007,98161pr0006
R,98160pr0007,98162pr0007
R,98160pr0007,98163pr0007
R,98160pr0007,98159pr0006
R,98160pr0007,98058pr0007
R,98160pr0007,98059pr0007
R,77999,34987
R,77999,77071
R,77999,40379
R,24199,35600pr0001
R,24199,35600pr0002
R,24199,35600pr0003
R,24199,35599pr0001
R,62605pr0003,62604pr0003
R,2547,30085
R,77095,77090
R,76923pr0001,72362pr0002
R,93072pr0005,93071pr0003
R,59227pr0001,61639pr0001
R,59227pr0001,59226pr0002
R,42862,48165
R,93072pr0004,93070pr0006
R,93072pr0004,93070pr0005
R,93072pr0004,93071pr0002
R,59224pat0003,59217pat0001
R,59224pat0003,59218pat0001
R,59224pat0003,62438pat0003
R,59224pat0003,62436pat0003
R,59224pat0003,59225c01
R,59224pat0002,59225c01
R,59224pat0002,62436pat0001
R,59224pat0002,62438pat0001
R,59224pat0002,59218pat0002
R,59224pat0002,59217pat0002
R,59224pat0001,59217pat0001
R,59224pat0001,59218pat0001
R,59224pat0001,62438pat0002
R,59224pat0001,62436pat0002
R,59224pat0001,59225c01
R,59224pat0004,59217pat0001
R,59224pat0004,59218pat0001
R,59224pat0004,62438pat0004
R,59224pat0004,62436pat0004
R,59224pat0004,59225c02
R,40934pr0003,65428pr0003
R,40934pr0001,40933pr0001
R,93072pr0003,93070pr0004
R,93072pr0002,93071pr0001
R,93072pr0001,93070pr0001
R,64275,54821
P,14718pr9998,14718
P,14718pr9997,14718
P,76371pr9994,76371
P,3626cpr3541,3626c
P,3626cpr3531,3626c
P,14769pr1221,14769
P,6180pr0025,6180
R,upn0367,48284
R,11327,11329
R,11327,11342
R,64800,86057
R,89908,86057
R,89908,86058
P,3069bpr0343,3069b
R,3761,3762
P,24309pr6366619,24309
P,3626cpr6366626,3626c
P,3626cpr6366636,3626c
P,3626cpr6366655,3626c
P,973c01h01pr6376476,973c01h01
P,973c22h22pr6375834,973c22h22
P,973c27h27pr6374395,973c27h27
P,14718pr9996,14718
R,71722,71720
R,71721,71720
P,4162pr6366690,4162
P,26603pr6378425,26603
R,40380c01pr0004,40373pr0004
P,2446pr9997,2446
P,970c00pr1965,970c00
P,3626cpr3586,3626c
P,970c00pr1959,970c00
P,75522pr0021,75522
R,11893pr0002,98173pr0002
R,93072pr0004,93070pr0007
R,11340,11464
P,970c00pr1966,970c00
P,973c03h02pr5321,973c03h02
P,970c00pr1964,970c00
P,6177bpr0009,6177b
P,3626cpr3580,3626c
P,3626cpr3581,3626c
P,3626cpr3578,3626c
P,3626cpr3579,3626c
P,970c00pr2161,970c00
P,21019c00pat002pr2160,21019c00pat002
P,970x140pr2159,970x140
P,21019c00pat002pr2166,21019c00pat002
P,970x268pr2179,970x268
P,973c03h03pr5819,973c03h03
P,970c00pr2158,970c00
P,66857pr0011,66857
P,87079pr0256,87079
P,11477pr0015,11477
P,970c00pr9778,970c00
P,3068bpr9715,3068b
P,3068bpr9714,3068b
P,3068bpr9713,3068b
P,3068bpr9712,3068b
P,3068bpr9711,3068b
P,3068bpr9710,3068b
P,3068bpr9709,3068b
P,3068bpr9708,3068b
P,3068bpr9707,3068b
P,3068bpr9706,3068b
P,3068bpr9705,3068b
P,3068bpr9704,3068b
P,3626cpr9736,3626c
P,973c36h01pr0002,973c36h01
P,970c00pr9777,970c00
P,3626cpr9735,3626c
P,973c04h04pr0001,973c04h04
P,970c00pr9776,970c00
P,3626cpr9734,3626c
P,3626cpr9733,3626c
P,970c00pr9775,970c00
P,970c00pr9774,970c00
P,970d38pr0001,970d00
P,3626cpr9732,3626c
P,973c01h01pr0019,973c01h01
P,970c00pr9773,970c00
P,970c00pr9772,970c00
P,970c00pr9771,970c00
P,973c27h27pr0001,973c27h27
P,3626cpr9730,3626c
P,3626cpr9731,3626c
P,73272pr0002,73272
P,3069bpr9997,3069b
P,dupupn0076pr0001,dupupn0076
P,dupupn0076pr0002,dupupn0076
P,dupupn0076pr0003,dupupn0076
P,45896pr0012,45896
P,4066pr9971,4066
P,dupupn0075pr0001,dupupn0075
P,dupupn0075pr0002,dupupn0075
P,dupupn0075pr0003,dupupn0075
P,dupupn0075pr0004,dupupn0075
P,dupupn0075pr0005,dupupn0075
P,dupupn0075pr0006,dupupn0075
P,dupupn0075pr0007,dupupn0075
P,dupupn0076pr0004,dupupn0076
P,dupupn0076pr0005,dupupn0076
P,dupupn0075pr0008,dupupn0075
P,45896pr0013,45896
P,dupupn0076pr0006,dupupn0076
P,970c00pr9770,970c00
B,77493a,77493c01
B,77493b,77493c01
B,67702a,67702c01
B,67702b,67702c01
B,67702c,67702c01
R,67702c,67702b
R,11340,11342
B,67702d,67702c01
R,67702d,67702b
B,76799a,76799c01
B,76799b,76799c01
B,76799c,76799c01
R,11340,11343
B,76799e,76799c01
B,76799f,76799c01
B,76799d,76799c01
B,69335a,69335c01
B,69335b,69335c01
P,75533pr0001,75533
P,75533pr0002,75533
P,75533pr0003,75533
P,75533pr0004,75533
B,38765a,38765c01
B,38765b,38765c01
B,25348b,25348c01
B,25348a,25348c01
R,25348a,25348b
B,38470a,38470c01
B,38470b,38470c01
B,36069a,36069c01
B,36069b,36069c01
B,29497b,29497c01
B,29497a,29497c01
B,66645a,66645c01
B,66645b,66645c01
B,21763a,21763c01
B,21763b,21763c01
B,21763c,21763c01
B,21763d,21763c01
B,69692a,69692c01
B,69692b,69692c01
B,58012a,58012c01
B,58012b,58012c01
B,58012c,58012c01
R,58012c,58012b
B,58012d,58012c01
B,49452a,49452c01
B,49452b,49452c01
R,49452b,49452a
B,58011a,58011c01
B,58011b,58011c01
R,58011b,58011a
B,58011c,58011c01
B,58011d,58011c01
R,58011d,58011c
A,3069bpr0099,3069bpr0303
R,11327,11343
M,30367bpr0001,30367cpr0001
P,30361cpr0005,30361c
R,87562pr0001,86057
P,3626cpr6366620,3626c
P,3626cpr6366624,3626c
P,3626cpr6366631,3626c
P,970c00pr6366623,970c00
P,970c00pr6366638,970c00
P,970c00pr6366646,970c00
P,970c00pr6379353,970c00
P,85984pr6366029,85984
A,brickslot2x4b,3001
A,brickslot2x4c,3001
M,brickslot2x4d,brickslot2x4
A,brickslot2x4e,3001
P,26603pr6366169,26603
P,3068bpr6366172,3068b
P,60601pr6366171,60601
P,87079pr6366173,87079
